1 0.309375 0.128125 0.395312 0.128125 0.395312 0.125 0.325 0.125 0.323438 0.126562 0.310938 0.126562
1 0.096875 0.126562 0.096875 0.128125 0.15625 0.128125 0.154688 0.126562 0.115625 0.126562 0.114062 0.125 0.1 0.125 0.098438 0.126562
1 0.103125 0.11875 0.185938 0.121875 0.389062 0.11875 0.364062 0.114062 0.346875 0.117188 0.160938 0.114062
1 0.609375 0.128125 0.7125 0.128125 0.7125 0.125 0.625 0.125 0.623438 0.126562 0.61875 0.125
1 0.407812 0.125 0.407812 0.128125 0.498438 0.128125 0.490625 0.125 0.457812 0.125 0.451562 0.128125 0.448438 0.126562 0.429688 0.126562 0.428125 0.125
1 0.414062 0.11875 0.482812 0.121875 0.70625 0.11875 0.617188 0.114062 0.442188 0.114062
1 0.85 0.129688 0.854688 0.132812 0.873438 0.135938 0.998438 0.134375 0.998438 0.126562 0.85625 0.126562
1 0.045312 0.740625 0.026562 0.740625 0.025 0.745312 0.020312 0.75 0.01875 0.748438 0.017188 0.75 0.015625 0.748438 0.014062 0.75 0.0125 0.748438 0.010938 0.75 0.009375 0.748438 0.007812 0.75 0.00625 0.748438 0.004688 0.75 0.0 0.748438 0.0 0.8 0.001562 0.798438 0.003125 0.8 0.004688 0.798438 0.00625 0.8 0.007812 0.798438 0.009375 0.8 0.010938 0.798438 0.0125 0.8 0.014062 0.798438 0.015625 0.8 0.017188 0.798438 0.021875 0.8 0.025 0.796875 0.025 0.753125 0.029688 0.748438 0.045312 0.748438 0.046875 0.746875 0.046875 0.742188
1 0.048438 0.851562 0.045312 0.848438 0.04375 0.85 0.042188 0.848438 0.040625 0.85 0.039062 0.848438 0.0375 0.85 0.035938 0.848438 0.034375 0.85 0.032812 0.848438 0.03125 0.85 0.026562 0.845312 0.025 0.845312 0.020312 0.85 0.01875 0.848438 0.017188 0.85 0.015625 0.848438 0.014062 0.85 0.0125 0.848438 0.010938 0.85 0.009375 0.848438 0.007812 0.85 0.00625 0.848438 0.004688 0.85 0.003125 0.848438 0.001562 0.85 0.0 0.848438 0.0 0.873438 0.046875 0.873438 0.048438 0.871875
1 0.525 0.879688 0.476562 0.876562 0.432812 0.879688 0.340625 0.879688 0.379688 0.882812 0.409375 0.882812 0.425 0.879688 0.439062 0.882812 0.510938 0.882812
1 0.48125 0.870312 0.482812 0.871875 0.490625 0.871875 0.492188 0.873438 0.53125 0.873438 0.53125 0.870312
1 0.407812 0.870312 0.409375 0.871875 0.423438 0.871875 0.425 0.873438 0.43125 0.873438 0.432812 0.871875 0.448438 0.871875 0.45 0.873438 0.451562 0.873438 0.453125 0.871875 0.464062 0.871875 0.465625 0.870312
1 0.334375 0.873438 0.348438 0.873438 0.35 0.871875 0.367188 0.871875 0.36875 0.873438 0.371875 0.873438 0.373438 0.871875 0.384375 0.871875 0.385938 0.870312 0.334375 0.870312
