1 0.896875 0.126562 0.8875 0.126562 0.885938 0.125 0.854688 0.125 0.846875 0.128125 0.85 0.13125 0.85 0.142188 0.845312 0.148438 0.85 0.153125 0.85 0.1625 0.853125 0.165625 0.853125 0.170312 0.85625 0.173438 0.859375 0.171875 0.85625 0.16875 0.860938 0.164062 0.865625 0.16875 0.8625 0.171875 0.864062 0.173438 0.867188 0.173438 0.870312 0.170312 0.870312 0.165625 0.873438 0.1625 0.873438 0.148438 0.879688 0.142188 0.895312 0.142188 0.896875 0.140625 0.895312 0.139062 0.889062 0.139062 0.884375 0.134375 0.889062 0.129688 0.896875 0.129688 0.898438 0.128125
1 0.998438 0.126562 0.9875 0.126562 0.985938 0.128125 0.9875 0.129688 0.9875 0.132812 0.982812 0.1375 0.976562 0.1375 0.975 0.139062 0.975 0.146875 0.976562 0.148438 0.984375 0.148438 0.985938 0.146875 0.985938 0.140625 0.990625 0.135938 0.998438 0.135938
1 0.9375 0.267188 0.9375 0.279688 0.940625 0.282812 0.946875 0.282812 0.95 0.285938 0.954688 0.285938 0.957812 0.289062 0.960938 0.289062 0.967188 0.292188 0.971875 0.292188 0.976562 0.289062 0.982812 0.289062 0.985938 0.285938 0.998438 0.285938 0.998438 0.275 0.976562 0.275 0.971875 0.271875 0.953125 0.271875 0.946875 0.265625 0.939062 0.265625
1 0.10625 0.28125 0.101562 0.285938 0.1 0.285938 0.098438 0.284375 0.09375 0.289062 0.09375 0.3 0.096875 0.303125 0.098438 0.303125 0.1 0.304688 0.101562 0.303125 0.103125 0.304688 0.10625 0.301562 0.1125 0.301562 0.114062 0.3 0.110938 0.296875 0.110938 0.295312 0.109375 0.29375 0.109375 0.290625 0.107812 0.289062 0.107812 0.282812
1 0.0375 0.54375 0.032812 0.548438 0.032812 0.553125 0.028125 0.5625 0.023438 0.567188 0.01875 0.5625 0.017188 0.5625 0.014062 0.567188 0.014062 0.573438 0.015625 0.575 0.014062 0.578125 0.015625 0.579688 0.014062 0.58125 0.015625 0.582812 0.014062 0.584375 0.025 0.59375 0.032812 0.590625 0.042188 0.58125 0.045312 0.58125 0.046875 0.582812 0.053125 0.582812 0.060938 0.573438 0.05625 0.56875 0.057812 0.565625 0.051562 0.557812 0.051562 0.55625
1 0.176562 0.698438 0.175 0.703125 0.176562 0.714062 0.16875 0.720312 0.1625 0.715625 0.15625 0.725 0.157812 0.728125 0.15625 0.732812 0.15625 0.746875 0.157812 0.75 0.160938 0.75 0.165625 0.740625 0.165625 0.726562 0.173438 0.720312 0.182812 0.73125 0.182812 0.734375 0.1875 0.739062 0.192188 0.740625 0.196875 0.745312 0.2 0.745312 0.198438 0.7375 0.182812 0.720312 0.184375 0.71875 0.182812 0.715625 0.184375 0.7125 0.18125 0.709375 0.18125 0.701562
1 0.029688 0.725 0.01875 0.732812 0.01875 0.740625 0.014062 0.745312 0.007812 0.740625 0.003125 0.740625 0.001562 0.742188 0.0 0.740625 0.0 0.764062 0.007812 0.765625 0.017188 0.776562 0.020312 0.776562 0.029688 0.765625 0.029688 0.75625 0.03125 0.754688 0.029688 0.753125 0.034375 0.748438 0.039062 0.753125 0.0375 0.754688 0.042188 0.760938 0.040625 0.7625 0.042188 0.764062 0.046875 0.760938 0.042188 0.754688 0.042188 0.751562 0.035938 0.745312 0.035938 0.728125
0 0.109375 0.790625 0.1125 0.790625 0.114062 0.792188 0.11875 0.792188 0.120312 0.79375 0.125 0.79375 0.126562 0.795312 0.128125 0.79375 0.129688 0.795312 0.132812 0.792188 0.14375 0.792188 0.146875 0.795312 0.148438 0.795312 0.151562 0.792188 0.173438 0.792188 0.175 0.789062 0.16875 0.789062 0.167188 0.7875 0.132812 0.7875 0.13125 0.789062 0.125 0.789062 0.11875 0.785938 0.114062 0.785938
1 0.729688 0.840625 0.723438 0.834375 0.723438 0.832812 0.721875 0.83125 0.71875 0.83125 0.7125 0.8375 0.710938 0.8375 0.707812 0.840625 0.70625 0.840625 0.701562 0.845312 0.701562 0.846875 0.7 0.848438 0.7 0.851562 0.69375 0.857812 0.692188 0.85625 0.690625 0.857812 0.690625 0.859375 0.692188 0.860938 0.695312 0.860938 0.696875 0.8625 0.698438 0.860938 0.698438 0.859375 0.70625 0.851562 0.707812 0.851562 0.709375 0.85 0.7125 0.85 0.717188 0.854688 0.721875 0.854688 0.725 0.85 0.725 0.846875 0.729688 0.842188
0 0.0 0.834375 0.0 0.84375 0.009375 0.846875 0.020312 0.857812 0.021875 0.864062 0.01875 0.867188 0.023438 0.871875 0.025 0.870312 0.025 0.865625 0.028125 0.8625 0.026562 0.857812 0.03125 0.853125 0.0375 0.857812 0.035938 0.859375 0.0375 0.8625 0.035938 0.870312 0.039062 0.873438 0.045312 0.870312 0.045312 0.867188 0.051562 0.857812 0.05 0.85625 0.05 0.851562 0.045312 0.84375 0.046875 0.842188 0.04375 0.839062 0.039062 0.840625 0.029688 0.851562 0.023438 0.84375 0.023438 0.835938 0.021875 0.834375 0.017188 0.8375 0.010938 0.8375 0.009375 0.835938 0.007812 0.8375 0.003125 0.834375 0.001562 0.835938
1 0.1875 0.8625 0.18125 0.85625 0.182812 0.854688 0.184375 0.85 0.179688 0.845312 0.175 0.845312 0.173438 0.84375 0.167188 0.848438 0.165625 0.846875 0.164062 0.848438 0.1625 0.848438 0.160938 0.846875 0.15625 0.846875 0.154688 0.848438 0.15 0.848438 0.148438 0.846875 0.146875 0.848438 0.146875 0.851562 0.15 0.854688 0.153125 0.854688 0.15625 0.851562 0.157812 0.851562 0.160938 0.854688 0.164062 0.854688 0.165625 0.853125 0.167188 0.853125 0.171875 0.857812 0.165625 0.864062 0.165625 0.865625 0.16875 0.86875 0.178125 0.86875 0.179688 0.867188 0.182812 0.867188
