1 0.817188 0.86875 0.935938 0.86875 0.935938 0.867188 0.820312 0.867188
1 0.335938 0.86875 0.314062 0.865625 0.139062 0.867188 0.139062 0.870312
1 0.139062 0.7875 0.139062 0.792188 0.173438 0.792188 0.175 0.790625 0.175 0.789062 0.170312 0.789062 0.16875 0.7875 0.14375 0.7875 0.142188 0.789062 0.140625 0.7875
1 0.178125 0.790625 0.190625 0.790625 0.192188 0.792188 0.198438 0.792188 0.2 0.79375 0.20625 0.79375 0.207812 0.792188 0.2125 0.79375 0.214062 0.792188 0.21875 0.792188 0.220312 0.790625 0.23125 0.790625 0.232812 0.792188 0.239062 0.792188 0.240625 0.790625 0.235938 0.7875 0.234375 0.7875 0.232812 0.789062 0.225 0.789062 0.223438 0.790625 0.221875 0.789062 0.217188 0.789062 0.215625 0.7875 0.210938 0.7875 0.209375 0.789062 0.207812 0.789062 0.20625 0.7875 0.203125 0.7875 0.201562 0.785938 0.195312 0.785938 0.1875 0.790625 0.184375 0.790625 0.182812 0.789062 0.179688 0.789062
1 0.239062 0.670312 0.239062 0.682812 0.240625 0.684375 0.240625 0.689062 0.242188 0.690625 0.242188 0.7 0.240625 0.701562 0.240625 0.70625 0.239062 0.707812 0.239062 0.714062 0.234375 0.725 0.23125 0.728125 0.23125 0.73125 0.221875 0.739062 0.220312 0.74375 0.229688 0.735938 0.229688 0.734375 0.235938 0.726562 0.235938 0.723438 0.239062 0.720312 0.240625 0.714062 0.24375 0.709375 0.24375 0.68125 0.240625 0.676562
1 0.215625 0.667188 0.189062 0.676562 0.173438 0.69375 0.157812 0.676562 0.140625 0.673438 0.165625 0.689062 0.164062 0.714062 0.15625 0.732812 0.157812 0.751562 0.1625 0.75 0.170312 0.707812 0.178125 0.715625 0.182812 0.734375 0.204688 0.751562 0.173438 0.757812 0.139062 0.751562 0.139062 0.765625 0.175 0.767188 0.192188 0.760938 0.228125 0.765625 0.246875 0.759375 0.215625 0.757812 0.214062 0.748438 0.203125 0.746875 0.18125 0.717188 0.18125 0.690625 0.215625 0.675
1 0.146875 0.125 0.2875 0.535938 0.340625 0.871875 0.7625 0.871875 0.76875 0.848438 0.776562 0.871875 0.804688 0.871875 0.779688 0.79375 0.814062 0.782812 0.929688 0.126562
1 0.0 0.13125 0.134375 0.13125 0.135938 0.129688 0.051562 0.128125 0.05 0.129688 0.0 0.129688
1 0.178125 0.790625 0.190625 0.790625 0.192188 0.792188 0.198438 0.792188 0.2 0.79375 0.20625 0.79375 0.207812 0.792188 0.2125 0.79375 0.214062 0.792188 0.21875 0.792188 0.220312 0.790625 0.23125 0.790625 0.232812 0.792188 0.239062 0.792188 0.240625 0.790625 0.235938 0.7875 0.234375 0.7875 0.232812 0.789062 0.225 0.789062 0.223438 0.790625 0.221875 0.789062 0.217188 0.789062 0.215625 0.7875 0.210938 0.7875 0.209375 0.789062 0.207812 0.789062 0.20625 0.7875 0.203125 0.7875 0.201562 0.785938 0.195312 0.785938 0.1875 0.790625 0.184375 0.790625 0.182812 0.789062 0.179688 0.789062
1 0.110938 0.790625 0.114062 0.790625 0.115625 0.792188 0.120312 0.792188 0.121875 0.79375 0.123438 0.792188 0.13125 0.79375 0.132812 0.792188 0.173438 0.792188 0.175 0.790625 0.175 0.789062 0.170312 0.789062 0.16875 0.7875 0.14375 0.7875 0.142188 0.789062 0.140625 0.7875 0.132812 0.7875 0.13125 0.789062 0.123438 0.789062 0.121875 0.7875 0.117188 0.785938
1 0.239062 0.670312 0.239062 0.682812 0.240625 0.684375 0.240625 0.689062 0.242188 0.690625 0.242188 0.7 0.240625 0.701562 0.240625 0.70625 0.239062 0.707812 0.239062 0.714062 0.234375 0.725 0.23125 0.728125 0.23125 0.73125 0.221875 0.739062 0.220312 0.74375 0.229688 0.735938 0.229688 0.734375 0.235938 0.726562 0.235938 0.723438 0.239062 0.720312 0.240625 0.714062 0.24375 0.709375 0.24375 0.68125 0.240625 0.676562
1 0.215625 0.667188 0.189062 0.676562 0.173438 0.69375 0.157812 0.676562 0.140625 0.673438 0.165625 0.689062 0.157812 0.751562 0.170312 0.707812 0.182812 0.734375 0.204688 0.75 0.15625 0.757812 0.115625 0.729688 0.10625 0.682812 0.125 0.65 0.160938 0.632812 0.121875 0.65 0.103125 0.701562 0.114062 0.73125 0.140625 0.754688 0.090625 0.757812 0.082812 0.770312 0.090625 0.795312 0.1 0.79375 0.089062 0.7875 0.09375 0.759375 0.16875 0.767188 0.246875 0.759375 0.215625 0.757812 0.18125 0.717188 0.18125 0.690625 0.215625 0.675
1 0.239062 0.670312 0.239062 0.682812 0.240625 0.684375 0.240625 0.689062 0.242188 0.690625 0.242188 0.7 0.240625 0.701562 0.240625 0.70625 0.239062 0.707812 0.239062 0.714062 0.234375 0.725 0.23125 0.728125 0.23125 0.73125 0.221875 0.739062 0.220312 0.74375 0.229688 0.735938 0.229688 0.734375 0.235938 0.726562 0.235938 0.723438 0.239062 0.720312 0.240625 0.714062 0.24375 0.709375 0.24375 0.68125 0.240625 0.676562
1 0.110938 0.790625 0.114062 0.790625 0.115625 0.792188 0.120312 0.792188 0.121875 0.79375 0.123438 0.792188 0.13125 0.79375 0.132812 0.792188 0.173438 0.792188 0.175 0.790625 0.175 0.789062 0.170312 0.789062 0.16875 0.7875 0.14375 0.7875 0.142188 0.789062 0.140625 0.7875 0.132812 0.7875 0.13125 0.789062 0.123438 0.789062 0.121875 0.7875 0.117188 0.785938
1 0.178125 0.790625 0.190625 0.790625 0.192188 0.792188 0.198438 0.792188 0.2 0.79375 0.20625 0.79375 0.207812 0.792188 0.2125 0.79375 0.214062 0.792188 0.21875 0.792188 0.220312 0.790625 0.23125 0.790625 0.232812 0.792188 0.239062 0.792188 0.240625 0.790625 0.235938 0.7875 0.234375 0.7875 0.232812 0.789062 0.225 0.789062 0.223438 0.790625 0.221875 0.789062 0.217188 0.789062 0.215625 0.7875 0.210938 0.7875 0.209375 0.789062 0.207812 0.789062 0.20625 0.7875 0.203125 0.7875 0.201562 0.785938 0.195312 0.785938 0.1875 0.790625 0.184375 0.790625 0.182812 0.789062 0.179688 0.789062
