1 0.285938 0.11875 0.404688 0.11875 0.4 0.117188 0.289062 0.117188
1 0.573438 0.11875 0.732812 0.11875 0.7125 0.11875 0.701562 0.115625 0.585938 0.115625
1 0.257812 0.123438 0.254688 0.421875 0.3 0.43125 0.275 0.470312 0.35625 0.657812 0.3125 0.626562 0.332812 0.690625 0.384375 0.704688 0.360938 0.796875 0.360938 0.715625 0.29375 0.74375 0.340625 0.85625 0.417188 0.848438 0.440625 0.123438 0.55625 0.121875 0.60625 0.834375 0.684375 0.857812 0.740625 0.754688 0.676562 0.723438 0.764062 0.4125 0.751562 0.123438 0.998438 0.115625
1 0.285938 0.11875 0.404688 0.11875 0.4 0.117188 0.289062 0.117188
1 0.567188 0.123438 0.567188 0.126562 0.739062 0.126562 0.739062 0.123438
1 0.573438 0.11875 0.732812 0.11875 0.7125 0.11875 0.701562 0.115625 0.585938 0.115625
1 0.21875 0.66875 0.217188 0.66875 0.215625 0.667188 0.210938 0.670312 0.207812 0.670312 0.204688 0.673438 0.203125 0.673438 0.201562 0.675 0.195312 0.675 0.19375 0.676562 0.189062 0.676562 0.182812 0.682812 0.182812 0.685938 0.184375 0.6875 0.185938 0.685938 0.189062 0.685938 0.190625 0.684375 0.19375 0.684375 0.195312 0.682812 0.201562 0.682812 0.20625 0.678125 0.209375 0.678125 0.2125 0.675 0.215625 0.675 0.21875 0.671875
1 0.109375 0.789062 0.1125 0.792188 0.11875 0.792188 0.128125 0.795312 0.134375 0.792188 0.15625 0.792188 0.157812 0.79375 0.159375 0.792188 0.175 0.792188 0.176562 0.790625 0.179688 0.792188 0.184375 0.790625 0.196875 0.792188 0.203125 0.795312 0.210938 0.79375 0.210938 0.7875 0.204688 0.7875 0.203125 0.785938 0.19375 0.785938 0.189062 0.789062 0.175 0.789062 0.173438 0.7875 0.13125 0.7875 0.129688 0.789062 0.125 0.789062 0.11875 0.785938 0.114062 0.785938
1 0.084375 0.78125 0.092188 0.79375 0.103125 0.79375 0.096875 0.79375 0.089062 0.7875 0.089062 0.764062 0.092188 0.759375 0.110938 0.759375 0.123438 0.767188 0.145312 0.764062 0.175 0.767188 0.189062 0.764062 0.192188 0.760938 0.201562 0.764062 0.204688 0.759375 0.195312 0.754688 0.182812 0.754688 0.176562 0.757812 0.145312 0.759375 0.1375 0.7625 0.120312 0.760938 0.10625 0.754688 0.1 0.754688 0.085938 0.765625
1 0.109375 0.789062 0.1125 0.792188 0.128125 0.795312 0.134375 0.792188 0.15625 0.792188 0.157812 0.79375 0.176562 0.790625 0.196875 0.792188 0.203125 0.795312 0.217188 0.792188 0.240625 0.792188 0.239062 0.789062 0.229688 0.7875 0.220312 0.789062 0.203125 0.785938 0.19375 0.785938 0.189062 0.789062 0.173438 0.7875 0.125 0.789062 0.114062 0.785938
1 0.410938 0.879688 0.415625 0.882812 0.510938 0.884375 0.628125 0.88125 0.617188 0.878125
