1 0.29375 0.44375 0.29375 0.446875 0.295312 0.448438 0.296875 0.448438 0.298438 0.45 0.301562 0.446875 0.30625 0.451562 0.30625 0.453125 0.307812 0.454688 0.309375 0.454688 0.310938 0.453125 0.3125 0.454688 0.314062 0.454688 0.317188 0.451562 0.320312 0.454688 0.321875 0.453125 0.320312 0.451562 0.320312 0.45 0.323438 0.445312 0.321875 0.44375 0.31875 0.44375 0.315625 0.440625 0.3125 0.44375 0.307812 0.44375 0.304688 0.440625 0.303125 0.440625 0.301562 0.442188 0.298438 0.439062
1 0.0 0.482812 0.010938 0.479688 0.017188 0.473438 0.017188 0.454688 0.023438 0.448438 0.025 0.45 0.045312 0.448438 0.054688 0.454688 0.064062 0.445312 0.064062 0.426562 0.059375 0.423438 0.057812 0.425 0.054688 0.423438 0.046875 0.4125 0.026562 0.4125 0.025 0.420312 0.020312 0.425 0.015625 0.421875 0.014062 0.423438 0.007812 0.417188 0.00625 0.41875 0.0 0.410938
1 0.075 0.398438 0.073438 0.4 0.075 0.409375 0.071875 0.4125 0.071875 0.417188 0.075 0.420312 0.075 0.446875 0.078125 0.45 0.079688 0.448438 0.08125 0.45 0.082812 0.448438 0.084375 0.45 0.085938 0.448438 0.0875 0.45 0.089062 0.448438 0.090625 0.45 0.092188 0.448438 0.09375 0.45 0.095312 0.448438 0.096875 0.45 0.121875 0.45 0.123438 0.448438 0.123438 0.44375 0.121875 0.442188 0.123438 0.440625 0.123438 0.435938 0.117188 0.43125 0.110938 0.432812 0.107812 0.429688 0.104688 0.43125 0.098438 0.425 0.092188 0.425 0.085938 0.41875 0.085938 0.414062 0.0875 0.4125 0.085938 0.410938 0.085938 0.401562 0.08125 0.396875 0.076562 0.4
1 0.0 0.3625 0.0 0.407812 0.010938 0.398438 0.0125 0.4 0.014062 0.398438 0.015625 0.4 0.017188 0.398438 0.021875 0.4 0.023438 0.398438 0.048438 0.398438 0.05 0.396875 0.046875 0.389062 0.05 0.385938 0.048438 0.379688 0.051562 0.375 0.048438 0.371875 0.046875 0.367188 0.040625 0.373438 0.028125 0.373438 0.023438 0.36875 0.023438 0.364062 0.021875 0.3625
1 0.4125 0.36875 0.4125 0.371875 0.414062 0.373438 0.417188 0.373438 0.425 0.38125 0.426562 0.38125 0.428125 0.379688 0.434375 0.379688 0.4375 0.382812 0.439062 0.382812 0.442188 0.379688 0.445312 0.382812 0.446875 0.38125 0.446875 0.376562 0.445312 0.375 0.434375 0.375 0.432812 0.373438 0.43125 0.375 0.429688 0.375 0.425 0.370312 0.425 0.367188 0.423438 0.365625 0.423438 0.360938 0.421875 0.359375 0.41875 0.3625 0.417188 0.3625 0.414062 0.365625 0.414062 0.367188
1 0.376562 0.351562 0.375 0.353125 0.375 0.364062 0.378125 0.367188 0.378125 0.36875 0.375 0.371875 0.375 0.38125 0.371875 0.384375 0.378125 0.390625 0.378125 0.392188 0.373438 0.396875 0.379688 0.404688 0.38125 0.404688 0.385938 0.409375 0.3875 0.409375 0.396875 0.401562 0.389062 0.395312 0.389062 0.376562 0.3875 0.375 0.384375 0.376562 0.378125 0.36875 0.379688 0.365625 0.379688 0.353125
1 0.203125 0.35 0.2 0.353125 0.2 0.365625 0.203125 0.36875 0.203125 0.370312 0.20625 0.373438 0.209375 0.373438 0.214062 0.36875 0.214062 0.351562 0.2125 0.35
1 0.526562 0.315625 0.525 0.320312 0.520312 0.325 0.521875 0.326562 0.526562 0.321875 0.528125 0.323438 0.529688 0.321875 0.53125 0.323438 0.532812 0.321875 0.539062 0.323438 0.546875 0.33125 0.542188 0.335938 0.546875 0.340625 0.546875 0.346875 0.55 0.35 0.55 0.353125 0.5625 0.364062 0.5625 0.367188 0.56875 0.375 0.578125 0.379688 0.582812 0.376562 0.578125 0.370312 0.579688 0.36875 0.579688 0.3625 0.584375 0.35625 0.58125 0.351562 0.585938 0.345312 0.585938 0.335938 0.579688 0.334375 0.571875 0.326562 0.557812 0.325 0.554688 0.328125 0.551562 0.328125 0.546875 0.323438 0.545312 0.31875 0.532812 0.31875 0.529688 0.315625
1 0.140625 0.320312 0.14375 0.323438 0.148438 0.321875 0.153125 0.326562 0.15625 0.323438 0.159375 0.325 0.164062 0.321875 0.165625 0.323438 0.167188 0.321875 0.175 0.328125 0.175 0.334375 0.171875 0.3375 0.173438 0.340625 0.178125 0.335938 0.185938 0.335938 0.1875 0.334375 0.195312 0.335938 0.198438 0.33125 0.198438 0.325 0.196875 0.323438 0.195312 0.325 0.19375 0.323438 0.189062 0.325 0.184375 0.321875 0.179688 0.325 0.175 0.320312 0.175 0.301562 0.173438 0.3 0.173438 0.289062 0.171875 0.2875 0.16875 0.2875 0.1625 0.29375 0.1625 0.296875 0.157812 0.301562 0.151562 0.301562 0.15 0.303125 0.15 0.307812 0.14375 0.314062 0.14375 0.317188
1 0.525 0.276562 0.521875 0.279688 0.517188 0.276562 0.5125 0.276562 0.510938 0.275 0.509375 0.276562 0.509375 0.298438 0.507812 0.3 0.507812 0.30625 0.50625 0.307812 0.50625 0.309375 0.507812 0.310938 0.509375 0.310938 0.514062 0.30625 0.514062 0.304688 0.5125 0.303125 0.51875 0.296875 0.521875 0.3 0.526562 0.295312 0.526562 0.289062 0.529688 0.285938 0.526562 0.282812 0.526562 0.278125
1 0.935938 0.128125 0.776562 0.126562 0.790625 0.232812 0.70625 0.301562 0.725 0.367188 0.673438 0.370312 0.673438 0.3 0.628125 0.4 0.615625 0.31875 0.601562 0.385938 0.675 0.428125 0.629688 0.46875 0.596875 0.39375 0.51875 0.376562 0.525 0.435938 0.473438 0.429688 0.53125 0.475 0.451562 0.546875 0.425 0.51875 0.4875 0.473438 0.439062 0.401562 0.320312 0.398438 0.390625 0.490625 0.317188 0.5125 0.165625 0.459375 0.1 0.476562 0.095312 0.5375 0.071875 0.48125 0.0 0.498438 0.0375 0.528125 0.0 0.648438 0.125 0.634375 0.095312 0.70625 0.0 0.673438 0.0 0.871875 0.823438 0.871875 0.878125 0.821875 0.864062 0.871875 0.998438 0.873438 0.998438 0.425 0.948438 0.395312
1 0.525 0.276562 0.521875 0.279688 0.517188 0.276562 0.5125 0.276562 0.510938 0.275 0.509375 0.276562 0.509375 0.298438 0.507812 0.3 0.507812 0.30625 0.50625 0.307812 0.50625 0.309375 0.507812 0.310938 0.509375 0.310938 0.514062 0.30625 0.514062 0.304688 0.5125 0.303125 0.51875 0.296875 0.521875 0.3 0.526562 0.295312 0.526562 0.289062 0.529688 0.285938 0.526562 0.282812 0.526562 0.278125
1 0.140625 0.320312 0.14375 0.323438 0.148438 0.321875 0.153125 0.326562 0.15625 0.323438 0.159375 0.325 0.164062 0.321875 0.165625 0.323438 0.167188 0.321875 0.175 0.328125 0.175 0.334375 0.171875 0.3375 0.173438 0.340625 0.178125 0.335938 0.185938 0.335938 0.1875 0.334375 0.195312 0.335938 0.198438 0.33125 0.198438 0.325 0.196875 0.323438 0.195312 0.325 0.19375 0.323438 0.189062 0.325 0.184375 0.321875 0.179688 0.325 0.175 0.320312 0.175 0.301562 0.173438 0.3 0.173438 0.289062 0.171875 0.2875 0.16875 0.2875 0.1625 0.29375 0.1625 0.296875 0.157812 0.301562 0.151562 0.301562 0.15 0.303125 0.15 0.307812 0.14375 0.314062 0.14375 0.317188
1 0.534375 0.371875 0.532812 0.370312 0.529688 0.373438 0.53125 0.375 0.526562 0.379688 0.521875 0.375 0.520312 0.376562 0.51875 0.376562 0.517188 0.378125 0.51875 0.379688 0.51875 0.385938 0.539062 0.385938 0.5375 0.384375 0.534375 0.384375 0.529688 0.379688 0.532812 0.376562 0.532812 0.375 0.534375 0.373438
1 0.526562 0.315625 0.525 0.320312 0.520312 0.325 0.521875 0.326562 0.526562 0.321875 0.528125 0.323438 0.529688 0.321875 0.53125 0.323438 0.532812 0.321875 0.539062 0.323438 0.546875 0.33125 0.542188 0.335938 0.546875 0.340625 0.546875 0.346875 0.55 0.35 0.55 0.353125 0.5625 0.364062 0.5625 0.367188 0.56875 0.375 0.578125 0.379688 0.582812 0.376562 0.578125 0.370312 0.579688 0.36875 0.579688 0.3625 0.584375 0.35625 0.58125 0.351562 0.585938 0.345312 0.585938 0.335938 0.579688 0.334375 0.571875 0.326562 0.557812 0.325 0.554688 0.328125 0.551562 0.328125 0.546875 0.323438 0.545312 0.31875 0.532812 0.31875 0.529688 0.315625
1 0.203125 0.35 0.2 0.353125 0.2 0.365625 0.203125 0.36875 0.203125 0.370312 0.20625 0.373438 0.209375 0.373438 0.214062 0.36875 0.214062 0.351562 0.2125 0.35
1 0.376562 0.351562 0.375 0.353125 0.375 0.364062 0.378125 0.367188 0.378125 0.36875 0.375 0.371875 0.375 0.38125 0.371875 0.384375 0.378125 0.390625 0.378125 0.392188 0.373438 0.396875 0.379688 0.404688 0.38125 0.404688 0.385938 0.409375 0.3875 0.409375 0.396875 0.401562 0.389062 0.395312 0.389062 0.376562 0.3875 0.375 0.384375 0.376562 0.378125 0.36875 0.379688 0.365625 0.379688 0.353125
1 0.4125 0.36875 0.4125 0.371875 0.414062 0.373438 0.417188 0.373438 0.425 0.38125 0.426562 0.38125 0.428125 0.379688 0.434375 0.379688 0.4375 0.382812 0.439062 0.382812 0.442188 0.379688 0.445312 0.382812 0.446875 0.38125 0.446875 0.376562 0.445312 0.375 0.434375 0.375 0.432812 0.373438 0.43125 0.375 0.429688 0.375 0.425 0.370312 0.425 0.367188 0.423438 0.365625 0.423438 0.360938 0.421875 0.359375 0.41875 0.3625 0.417188 0.3625 0.414062 0.365625 0.414062 0.367188
1 0.0 0.3625 0.0 0.407812 0.010938 0.398438 0.0125 0.4 0.014062 0.398438 0.015625 0.4 0.017188 0.398438 0.021875 0.4 0.023438 0.398438 0.048438 0.398438 0.05 0.396875 0.046875 0.389062 0.05 0.385938 0.048438 0.379688 0.051562 0.375 0.048438 0.371875 0.046875 0.367188 0.040625 0.373438 0.028125 0.373438 0.023438 0.36875 0.023438 0.364062 0.021875 0.3625
1 0.075 0.398438 0.073438 0.4 0.075 0.409375 0.071875 0.4125 0.071875 0.417188 0.075 0.420312 0.075 0.446875 0.078125 0.45 0.079688 0.448438 0.08125 0.45 0.082812 0.448438 0.084375 0.45 0.085938 0.448438 0.0875 0.45 0.089062 0.448438 0.090625 0.45 0.092188 0.448438 0.09375 0.45 0.095312 0.448438 0.096875 0.45 0.121875 0.45 0.123438 0.448438 0.123438 0.44375 0.121875 0.442188 0.123438 0.440625 0.123438 0.435938 0.117188 0.43125 0.110938 0.432812 0.107812 0.429688 0.104688 0.43125 0.098438 0.425 0.092188 0.425 0.085938 0.41875 0.085938 0.414062 0.0875 0.4125 0.085938 0.410938 0.085938 0.401562 0.08125 0.396875 0.076562 0.4
1 0.070312 0.48125 0.06875 0.482812 0.067188 0.482812 0.064062 0.479688 0.0625 0.48125 0.051562 0.48125 0.05 0.482812 0.05 0.489062 0.070312 0.489062
1 0.0 0.482812 0.010938 0.479688 0.017188 0.473438 0.017188 0.454688 0.023438 0.448438 0.025 0.45 0.045312 0.448438 0.054688 0.454688 0.064062 0.445312 0.064062 0.426562 0.059375 0.423438 0.057812 0.425 0.054688 0.423438 0.046875 0.4125 0.026562 0.4125 0.025 0.420312 0.020312 0.425 0.015625 0.421875 0.014062 0.423438 0.007812 0.417188 0.00625 0.41875 0.0 0.410938
1 0.29375 0.44375 0.29375 0.446875 0.295312 0.448438 0.296875 0.448438 0.298438 0.45 0.301562 0.446875 0.30625 0.451562 0.30625 0.453125 0.307812 0.454688 0.309375 0.454688 0.310938 0.453125 0.3125 0.454688 0.314062 0.454688 0.317188 0.451562 0.320312 0.454688 0.321875 0.453125 0.320312 0.451562 0.320312 0.45 0.323438 0.445312 0.321875 0.44375 0.31875 0.44375 0.315625 0.440625 0.3125 0.44375 0.307812 0.44375 0.304688 0.440625 0.303125 0.440625 0.301562 0.442188 0.298438 0.439062
0 0.246875 0.625 0.240625 0.625 0.239062 0.626562 0.2375 0.625 0.234375 0.628125 0.234375 0.629688 0.232812 0.63125 0.232812 0.634375 0.226562 0.640625 0.226562 0.645312 0.225 0.646875 0.225 0.654688 0.228125 0.659375 0.229688 0.657812 0.229688 0.65625 0.23125 0.654688 0.23125 0.653125 0.235938 0.648438 0.2375 0.648438 0.239062 0.646875 0.239062 0.640625 0.246875 0.632812 0.246875 0.629688 0.248438 0.628125 0.248438 0.626562
0 0.217188 0.66875 0.2125 0.66875 0.203125 0.675 0.190625 0.676562 0.184375 0.68125 0.179688 0.68125 0.178125 0.682812 0.173438 0.678125 0.171875 0.679688 0.164062 0.676562 0.159375 0.678125 0.15625 0.675 0.153125 0.675 0.148438 0.671875 0.142188 0.673438 0.157812 0.684375 0.164062 0.6875 0.1625 0.689062 0.164062 0.692188 0.165625 0.6875 0.171875 0.68125 0.175 0.682812 0.176562 0.68125 0.185938 0.690625 0.184375 0.692188 0.185938 0.69375 0.1875 0.692188 0.185938 0.689062 0.190625 0.684375 0.195312 0.685938 0.198438 0.682812 0.201562 0.682812 0.20625 0.678125 0.214062 0.675 0.217188 0.671875
