1 0.83125 0.790625 0.825 0.790625 0.820312 0.795312 0.81875 0.795312 0.814062 0.8 0.8125 0.8 0.810938 0.801562 0.810938 0.80625 0.807812 0.810938 0.807812 0.814062 0.803125 0.81875 0.807812 0.823438 0.8125 0.823438 0.814062 0.821875 0.814062 0.820312 0.817188 0.817188 0.817188 0.814062 0.83125 0.8 0.83125 0.798438 0.832812 0.796875 0.832812 0.792188
1 0.175 0.789062 0.16875 0.789062 0.167188 0.7875 0.15625 0.7875 0.154688 0.785938 0.154688 0.782812 0.153125 0.78125 0.15 0.78125 0.148438 0.782812 0.153125 0.785938 0.151562 0.7875 0.146875 0.7875 0.145312 0.785938 0.14375 0.7875 0.132812 0.7875 0.13125 0.789062 0.114062 0.7875 0.109375 0.790625 0.1125 0.792188 0.120312 0.792188 0.121875 0.79375 0.126562 0.792188 0.129688 0.795312 0.132812 0.792188 0.153125 0.792188 0.154688 0.79375 0.167188 0.792188 0.16875 0.790625 0.173438 0.792188
1 0.873438 0.720312 0.865625 0.728125 0.865625 0.745312 0.860938 0.75 0.851562 0.75 0.85 0.751562 0.85 0.7625 0.84375 0.76875 0.84375 0.771875 0.840625 0.775 0.840625 0.78125 0.842188 0.782812 0.846875 0.782812 0.848438 0.78125 0.848438 0.778125 0.853125 0.773438 0.859375 0.773438 0.860938 0.771875 0.860938 0.753125 0.865625 0.748438 0.86875 0.748438 0.871875 0.745312 0.873438 0.732812 0.879688 0.726562
1 0.18125 0.71875 0.179688 0.71875 0.179688 0.729688 0.176562 0.732812 0.178125 0.734375 0.178125 0.735938 0.175 0.739062 0.175 0.740625 0.176562 0.742188 0.173438 0.745312 0.173438 0.746875 0.178125 0.751562 0.18125 0.748438 0.179688 0.746875 0.179688 0.745312 0.184375 0.740625 0.185938 0.740625 0.1875 0.742188 0.192188 0.740625 0.196875 0.74375 0.2 0.74375 0.198438 0.742188 0.198438 0.739062 0.196875 0.7375 0.196875 0.735938 0.19375 0.732812 0.192188 0.732812 0.190625 0.73125 0.190625 0.729688 0.18125 0.720312
1 0.1625 0.695312 0.159375 0.698438 0.165625 0.70625 0.165625 0.707812 0.164062 0.709375 0.164062 0.714062 0.157812 0.720312 0.159375 0.723438 0.159375 0.726562 0.157812 0.728125 0.157812 0.732812 0.15625 0.734375 0.15625 0.74375 0.157812 0.745312 0.157812 0.748438 0.160938 0.75 0.165625 0.740625 0.165625 0.723438 0.167188 0.721875 0.16875 0.723438 0.171875 0.723438 0.173438 0.721875 0.171875 0.71875 0.16875 0.717188 0.167188 0.71875 0.165625 0.717188 0.165625 0.710938 0.167188 0.707812 0.173438 0.703125 0.173438 0.701562 0.16875 0.696875 0.165625 0.698438
1 0.1875 0.698438 0.1875 0.7 0.192188 0.704688 0.189062 0.709375 0.189062 0.710938 0.19375 0.715625 0.190625 0.71875 0.190625 0.720312 0.192188 0.721875 0.2 0.721875 0.203125 0.725 0.207812 0.725 0.209375 0.723438 0.215625 0.723438 0.217188 0.721875 0.21875 0.721875 0.223438 0.717188 0.223438 0.715625 0.21875 0.7125 0.2125 0.7125 0.207812 0.707812 0.209375 0.70625 0.20625 0.703125 0.204688 0.704688 0.198438 0.698438 0.2 0.696875 0.196875 0.69375 0.195312 0.69375 0.19375 0.695312 0.190625 0.695312
1 0.253125 0.69375 0.25625 0.698438 0.257812 0.696875 0.259375 0.698438 0.264062 0.696875 0.26875 0.701562 0.26875 0.70625 0.257812 0.717188 0.257812 0.721875 0.260938 0.725 0.264062 0.725 0.26875 0.721875 0.279688 0.707812 0.2875 0.714062 0.295312 0.70625 0.29375 0.703125 0.298438 0.698438 0.303125 0.703125 0.3 0.707812 0.303125 0.710938 0.307812 0.710938 0.309375 0.709375 0.307812 0.701562 0.298438 0.692188 0.290625 0.698438 0.284375 0.690625 0.276562 0.696875 0.271875 0.692188 0.270312 0.6875 0.2625 0.6875
1 0.109375 0.670312 0.103125 0.692188 0.10625 0.723438 0.121875 0.74375 0.140625 0.754688 0.123438 0.759375 0.107812 0.754688 0.090625 0.757812 0.082812 0.76875 0.082812 0.782812 0.092188 0.795312 0.103125 0.79375 0.089062 0.784375 0.089062 0.764062 0.096875 0.757812 0.126562 0.767188 0.160938 0.764062 0.184375 0.76875 0.192188 0.760938 0.204688 0.7625 0.20625 0.759375 0.196875 0.754688 0.153125 0.757812 0.142188 0.754688 0.129688 0.74375 0.107812 0.7125
1 0.848438 0.673438 0.840625 0.665625 0.83125 0.676562 0.83125 0.684375 0.825 0.690625 0.81875 0.685938 0.8125 0.692188 0.8125 0.696875 0.807812 0.701562 0.804688 0.7 0.801562 0.703125 0.8 0.707812 0.804688 0.710938 0.809375 0.70625 0.814062 0.710938 0.8125 0.7125 0.81875 0.717188 0.828125 0.70625 0.832812 0.710938 0.83125 0.7125 0.832812 0.715625 0.83125 0.71875 0.832812 0.720312 0.834375 0.71875 0.8375 0.720312 0.846875 0.7125 0.845312 0.703125 0.85 0.698438 0.85 0.692188 0.853125 0.689062 0.848438 0.679688
1 0.1375 0.634375 0.134375 0.646875 0.139062 0.646875 0.14375 0.651562 0.142188 0.654688 0.151562 0.6625 0.159375 0.657812 0.167188 0.665625 0.160938 0.679688 0.15 0.673438 0.142188 0.673438 0.160938 0.684375 0.164062 0.682812 0.167188 0.685938 0.171875 0.685938 0.178125 0.692188 0.178125 0.695312 0.189062 0.682812 0.201562 0.68125 0.203125 0.676562 0.190625 0.678125 0.179688 0.66875 0.182812 0.665625 0.178125 0.659375 0.18125 0.654688 0.179688 0.653125 0.16875 0.651562 0.1625 0.657812 0.157812 0.653125 0.159375 0.651562 0.151562 0.642188 0.157812 0.632812 0.154688 0.629688 0.15 0.629688 0.145312 0.634375 0.140625 0.63125
1 0.860938 0.628125 0.859375 0.626562 0.857812 0.628125 0.85625 0.628125 0.853125 0.63125 0.853125 0.632812 0.85 0.635938 0.85 0.6375 0.845312 0.642188 0.84375 0.642188 0.842188 0.640625 0.840625 0.642188 0.839062 0.642188 0.835938 0.645312 0.832812 0.642188 0.83125 0.64375 0.829688 0.64375 0.828125 0.642188 0.826562 0.64375 0.826562 0.646875 0.829688 0.65 0.832812 0.646875 0.834375 0.648438 0.835938 0.648438 0.840625 0.653125 0.842188 0.653125 0.845312 0.65 0.848438 0.653125 0.857812 0.64375 0.857812 0.642188 0.859375 0.640625 0.859375 0.635938 0.860938 0.634375 0.859375 0.632812
1 0.882812 0.515625 0.878125 0.521875 0.879688 0.523438 0.88125 0.523438 0.882812 0.521875 0.884375 0.523438 0.885938 0.521875 0.890625 0.526562 0.890625 0.542188 0.892188 0.54375 0.884375 0.551562 0.884375 0.55625 0.885938 0.557812 0.889062 0.554688 0.889062 0.551562 0.892188 0.548438 0.892188 0.546875 0.890625 0.545312 0.9 0.535938 0.898438 0.534375 0.898438 0.53125 0.9 0.529688 0.9 0.525 0.901562 0.523438 0.9 0.521875 0.896875 0.521875 0.895312 0.523438 0.89375 0.523438 0.892188 0.521875 0.889062 0.521875
1 0.859375 0.5 0.85625 0.503125 0.85625 0.523438 0.859375 0.526562 0.8625 0.526562 0.865625 0.529688 0.870312 0.529688 0.873438 0.526562 0.867188 0.520312 0.867188 0.503125 0.864062 0.5
1 0.123438 0.5 0.121875 0.501562 0.121875 0.521875 0.123438 0.523438 0.132812 0.523438 0.134375 0.525 0.135938 0.523438 0.139062 0.523438 0.140625 0.525 0.142188 0.523438 0.139062 0.520312 0.139062 0.501562 0.134375 0.498438 0.132812 0.5 0.13125 0.498438 0.129688 0.5 0.128125 0.498438 0.126562 0.5
1 0.107812 0.45 0.10625 0.451562 0.10625 0.470312 0.107812 0.471875 0.1125 0.471875 0.114062 0.473438 0.11875 0.473438 0.121875 0.470312 0.121875 0.451562 0.120312 0.45
1 0.898438 0.3875 0.89375 0.392188 0.895312 0.401562 0.890625 0.407812 0.890625 0.415625 0.896875 0.423438 0.901562 0.423438 0.90625 0.428125 0.90625 0.446875 0.9 0.453125 0.9 0.470312 0.89375 0.476562 0.89375 0.495312 0.898438 0.498438 0.9 0.496875 0.904688 0.501562 0.903125 0.50625 0.90625 0.507812 0.90625 0.503125 0.91875 0.49375 0.923438 0.498438 0.925 0.492188 0.917188 0.4875 0.923438 0.473438 0.925 0.457812 0.923438 0.451562 0.917188 0.445312 0.917188 0.429688 0.923438 0.423438 0.928125 0.425 0.940625 0.420312 0.94375 0.421875 0.945312 0.4125 0.942188 0.409375 0.932812 0.4125 0.91875 0.395312 0.914062 0.4 0.904688 0.4 0.9 0.395312
1 0.0875 0.326562 0.084375 0.328125 0.0875 0.332812 0.08125 0.339062 0.082812 0.340625 0.076562 0.346875 0.08125 0.353125 0.08125 0.364062 0.076562 0.36875 0.076562 0.378125 0.078125 0.379688 0.076562 0.40625 0.078125 0.40625 0.084375 0.398438 0.089062 0.396875 0.09375 0.398438 0.096875 0.395312 0.096875 0.376562 0.101562 0.371875 0.101562 0.35 0.096875 0.345312 0.098438 0.34375 0.09375 0.339062 0.095312 0.3375 0.092188 0.334375 0.092188 0.33125
1 0.089062 0.125 0.273438 0.646875 0.579688 0.698438 0.589062 0.75625 0.529688 0.820312 0.454688 0.723438 0.207812 0.764062 0.270312 0.8375 0.178125 0.790625 0.24375 0.867188 0.115625 0.86875 0.998438 0.870312 0.735938 0.865625 0.814062 0.726562 0.696875 0.765625 0.703125 0.703125 0.601562 0.69375 0.809375 0.534375 0.703125 0.579688 0.871875 0.2375 0.857812 0.421875 0.921875 0.125 0.640625 0.129688 0.61875 0.201562 0.692188 0.235938 0.534375 0.229688 0.610938 0.184375 0.567188 0.148438 0.528125 0.201562 0.53125 0.125 0.435938 0.246875 0.476562 0.160938 0.40625 0.18125 0.420312 0.123438
1 0.0875 0.326562 0.084375 0.328125 0.0875 0.332812 0.076562 0.346875 0.08125 0.353125 0.08125 0.364062 0.076562 0.36875 0.071875 0.365625 0.065625 0.371875 0.070312 0.375 0.073438 0.375 0.078125 0.379688 0.078125 0.390625 0.073438 0.395312 0.071875 0.39375 0.070312 0.395312 0.076562 0.40625 0.084375 0.398438 0.089062 0.396875 0.09375 0.398438 0.096875 0.395312 0.096875 0.376562 0.101562 0.371875 0.101562 0.35 0.096875 0.345312 0.098438 0.34375 0.09375 0.339062 0.095312 0.3375
1 0.898438 0.3875 0.89375 0.392188 0.895312 0.401562 0.890625 0.407812 0.890625 0.415625 0.896875 0.423438 0.901562 0.423438 0.90625 0.428125 0.90625 0.446875 0.9 0.453125 0.9 0.470312 0.89375 0.476562 0.89375 0.495312 0.898438 0.498438 0.9 0.496875 0.904688 0.501562 0.903125 0.50625 0.90625 0.507812 0.90625 0.503125 0.91875 0.49375 0.923438 0.498438 0.925 0.492188 0.917188 0.4875 0.923438 0.473438 0.925 0.457812 0.923438 0.451562 0.917188 0.445312 0.917188 0.429688 0.923438 0.423438 0.928125 0.425 0.940625 0.420312 0.94375 0.421875 0.945312 0.4125 0.942188 0.409375 0.932812 0.4125 0.91875 0.395312 0.914062 0.4 0.904688 0.4 0.9 0.395312
1 0.107812 0.45 0.10625 0.451562 0.10625 0.470312 0.107812 0.471875 0.1125 0.471875 0.114062 0.473438 0.11875 0.473438 0.121875 0.470312 0.121875 0.451562 0.120312 0.45
1 0.123438 0.5 0.121875 0.501562 0.121875 0.521875 0.123438 0.523438 0.132812 0.523438 0.134375 0.525 0.135938 0.523438 0.139062 0.523438 0.140625 0.525 0.142188 0.523438 0.139062 0.520312 0.139062 0.501562 0.134375 0.498438 0.132812 0.5 0.13125 0.498438 0.129688 0.5 0.128125 0.498438 0.126562 0.5
1 0.859375 0.5 0.85625 0.503125 0.85625 0.523438 0.859375 0.526562 0.8625 0.526562 0.865625 0.529688 0.870312 0.529688 0.873438 0.526562 0.867188 0.520312 0.867188 0.503125 0.864062 0.5
1 0.882812 0.515625 0.878125 0.521875 0.879688 0.523438 0.88125 0.523438 0.882812 0.521875 0.884375 0.523438 0.885938 0.521875 0.890625 0.526562 0.890625 0.542188 0.892188 0.54375 0.884375 0.551562 0.884375 0.55625 0.885938 0.557812 0.889062 0.554688 0.889062 0.551562 0.892188 0.548438 0.892188 0.546875 0.890625 0.545312 0.9 0.535938 0.898438 0.534375 0.898438 0.53125 0.9 0.529688 0.9 0.525 0.901562 0.523438 0.9 0.521875 0.896875 0.521875 0.895312 0.523438 0.89375 0.523438 0.892188 0.521875 0.889062 0.521875
1 0.860938 0.628125 0.859375 0.626562 0.857812 0.628125 0.85625 0.628125 0.853125 0.63125 0.853125 0.632812 0.85 0.635938 0.85 0.6375 0.845312 0.642188 0.84375 0.642188 0.842188 0.640625 0.840625 0.642188 0.839062 0.642188 0.835938 0.645312 0.832812 0.642188 0.83125 0.64375 0.829688 0.64375 0.828125 0.642188 0.826562 0.64375 0.826562 0.646875 0.829688 0.65 0.832812 0.646875 0.834375 0.648438 0.835938 0.648438 0.840625 0.653125 0.842188 0.653125 0.845312 0.65 0.848438 0.653125 0.857812 0.64375 0.857812 0.642188 0.859375 0.640625 0.859375 0.635938 0.860938 0.634375 0.859375 0.632812
1 0.1375 0.634375 0.134375 0.646875 0.139062 0.646875 0.14375 0.651562 0.142188 0.654688 0.151562 0.6625 0.159375 0.657812 0.167188 0.665625 0.160938 0.679688 0.15 0.673438 0.142188 0.673438 0.160938 0.684375 0.164062 0.682812 0.167188 0.685938 0.171875 0.685938 0.178125 0.692188 0.178125 0.695312 0.189062 0.682812 0.201562 0.68125 0.203125 0.676562 0.190625 0.678125 0.179688 0.66875 0.182812 0.665625 0.178125 0.659375 0.18125 0.654688 0.179688 0.653125 0.16875 0.651562 0.1625 0.657812 0.157812 0.653125 0.159375 0.651562 0.151562 0.642188 0.157812 0.632812 0.154688 0.629688 0.15 0.629688 0.145312 0.634375 0.140625 0.63125
1 0.848438 0.673438 0.840625 0.665625 0.83125 0.676562 0.83125 0.684375 0.825 0.690625 0.81875 0.685938 0.8125 0.692188 0.8125 0.696875 0.807812 0.701562 0.804688 0.7 0.801562 0.703125 0.8 0.707812 0.804688 0.710938 0.809375 0.70625 0.814062 0.710938 0.8125 0.7125 0.81875 0.717188 0.828125 0.70625 0.832812 0.710938 0.83125 0.7125 0.832812 0.715625 0.83125 0.71875 0.832812 0.720312 0.834375 0.71875 0.8375 0.720312 0.846875 0.7125 0.845312 0.703125 0.85 0.698438 0.85 0.692188 0.853125 0.689062 0.848438 0.679688
1 0.178125 0.790625 0.192188 0.790625 0.19375 0.792188 0.2 0.792188 0.201562 0.79375 0.20625 0.79375 0.207812 0.792188 0.209375 0.792188 0.210938 0.79375 0.201562 0.803125 0.2125 0.803125 0.2125 0.7875 0.207812 0.789062 0.20625 0.7875 0.203125 0.7875 0.201562 0.785938 0.195312 0.785938 0.192188 0.789062 0.190625 0.789062 0.189062 0.790625 0.184375 0.790625 0.182812 0.789062 0.179688 0.789062
1 0.175 0.789062 0.16875 0.789062 0.167188 0.7875 0.15625 0.7875 0.154688 0.785938 0.154688 0.782812 0.153125 0.78125 0.15 0.78125 0.148438 0.782812 0.153125 0.785938 0.151562 0.7875 0.146875 0.7875 0.145312 0.785938 0.14375 0.7875 0.132812 0.7875 0.13125 0.789062 0.114062 0.7875 0.109375 0.790625 0.1125 0.792188 0.120312 0.792188 0.121875 0.79375 0.126562 0.792188 0.129688 0.795312 0.132812 0.792188 0.153125 0.792188 0.154688 0.79375 0.167188 0.792188 0.16875 0.790625 0.173438 0.792188
1 0.18125 0.71875 0.179688 0.71875 0.179688 0.729688 0.176562 0.732812 0.178125 0.734375 0.178125 0.735938 0.175 0.739062 0.175 0.740625 0.176562 0.742188 0.173438 0.745312 0.173438 0.746875 0.178125 0.751562 0.18125 0.748438 0.179688 0.746875 0.179688 0.745312 0.184375 0.740625 0.185938 0.740625 0.1875 0.742188 0.192188 0.740625 0.196875 0.74375 0.2 0.74375 0.198438 0.742188 0.198438 0.739062 0.196875 0.7375 0.196875 0.735938 0.19375 0.732812 0.192188 0.732812 0.190625 0.73125 0.190625 0.729688 0.18125 0.720312
1 0.1625 0.695312 0.159375 0.698438 0.165625 0.70625 0.165625 0.707812 0.164062 0.709375 0.164062 0.714062 0.157812 0.720312 0.159375 0.723438 0.159375 0.726562 0.157812 0.728125 0.157812 0.732812 0.15625 0.734375 0.15625 0.74375 0.157812 0.745312 0.157812 0.748438 0.160938 0.75 0.165625 0.740625 0.165625 0.723438 0.167188 0.721875 0.16875 0.723438 0.171875 0.723438 0.173438 0.721875 0.171875 0.71875 0.16875 0.717188 0.167188 0.71875 0.165625 0.717188 0.165625 0.710938 0.167188 0.707812 0.173438 0.703125 0.173438 0.701562 0.16875 0.696875 0.165625 0.698438
1 0.190625 0.695312 0.1875 0.698438 0.1875 0.7 0.192188 0.704688 0.189062 0.709375 0.189062 0.710938 0.19375 0.715625 0.190625 0.71875 0.190625 0.720312 0.192188 0.721875 0.2 0.721875 0.203125 0.725 0.207812 0.725 0.209375 0.723438 0.2125 0.723438 0.2125 0.7125 0.207812 0.707812 0.209375 0.70625 0.20625 0.703125 0.204688 0.704688 0.198438 0.698438 0.2 0.696875 0.196875 0.69375 0.195312 0.69375 0.19375 0.695312
1 0.109375 0.670312 0.103125 0.692188 0.10625 0.723438 0.121875 0.74375 0.140625 0.754688 0.123438 0.759375 0.107812 0.754688 0.090625 0.757812 0.082812 0.76875 0.082812 0.782812 0.092188 0.795312 0.103125 0.79375 0.089062 0.784375 0.089062 0.764062 0.096875 0.757812 0.126562 0.767188 0.160938 0.764062 0.184375 0.76875 0.192188 0.760938 0.204688 0.7625 0.20625 0.759375 0.196875 0.754688 0.153125 0.757812 0.142188 0.754688 0.129688 0.74375 0.107812 0.7125
1 0.142188 0.673438 0.146875 0.675 0.160938 0.684375 0.164062 0.682812 0.167188 0.685938 0.16875 0.684375 0.171875 0.685938 0.178125 0.692188 0.176562 0.69375 0.178125 0.695312 0.189062 0.682812 0.196875 0.682812 0.198438 0.68125 0.201562 0.68125 0.203125 0.676562 0.192188 0.676562 0.190625 0.678125 0.179688 0.66875 0.182812 0.665625 0.18125 0.6625 0.164062 0.6625 0.167188 0.665625 0.165625 0.667188 0.167188 0.66875 0.1625 0.675 0.1625 0.678125 0.160938 0.679688 0.15 0.673438
1 0.315625 0.723438 0.314062 0.721875 0.3125 0.721875 0.309375 0.725 0.307812 0.725 0.30625 0.723438 0.304688 0.725 0.3 0.725 0.29375 0.73125 0.315625 0.73125
1 0.253125 0.69375 0.25625 0.698438 0.257812 0.696875 0.259375 0.698438 0.264062 0.696875 0.26875 0.701562 0.26875 0.70625 0.257812 0.717188 0.257812 0.721875 0.260938 0.725 0.264062 0.725 0.26875 0.721875 0.279688 0.707812 0.2875 0.714062 0.295312 0.70625 0.29375 0.703125 0.298438 0.698438 0.303125 0.703125 0.3 0.707812 0.303125 0.710938 0.307812 0.710938 0.309375 0.709375 0.307812 0.701562 0.298438 0.692188 0.290625 0.698438 0.284375 0.690625 0.276562 0.696875 0.271875 0.692188 0.270312 0.6875 0.2625 0.6875
1 0.1625 0.695312 0.159375 0.698438 0.165625 0.70625 0.165625 0.707812 0.164062 0.709375 0.164062 0.714062 0.157812 0.720312 0.159375 0.723438 0.159375 0.726562 0.157812 0.728125 0.157812 0.732812 0.15625 0.734375 0.15625 0.74375 0.157812 0.745312 0.157812 0.748438 0.160938 0.75 0.165625 0.740625 0.165625 0.723438 0.167188 0.721875 0.16875 0.723438 0.171875 0.723438 0.173438 0.721875 0.171875 0.71875 0.16875 0.717188 0.167188 0.71875 0.165625 0.717188 0.165625 0.710938 0.167188 0.707812 0.173438 0.703125 0.173438 0.701562 0.16875 0.696875 0.165625 0.698438
1 0.1875 0.698438 0.1875 0.7 0.192188 0.704688 0.189062 0.709375 0.189062 0.710938 0.19375 0.715625 0.190625 0.71875 0.190625 0.720312 0.192188 0.721875 0.2 0.721875 0.203125 0.725 0.207812 0.725 0.209375 0.723438 0.215625 0.723438 0.217188 0.721875 0.21875 0.721875 0.223438 0.717188 0.223438 0.715625 0.21875 0.7125 0.2125 0.7125 0.207812 0.707812 0.209375 0.70625 0.20625 0.703125 0.204688 0.704688 0.198438 0.698438 0.2 0.696875 0.196875 0.69375 0.195312 0.69375 0.19375 0.695312 0.190625 0.695312
1 0.18125 0.71875 0.179688 0.71875 0.179688 0.729688 0.176562 0.732812 0.178125 0.734375 0.178125 0.735938 0.175 0.739062 0.175 0.740625 0.176562 0.742188 0.173438 0.745312 0.173438 0.746875 0.178125 0.751562 0.18125 0.748438 0.179688 0.746875 0.179688 0.745312 0.184375 0.740625 0.185938 0.740625 0.1875 0.742188 0.192188 0.740625 0.196875 0.74375 0.2 0.74375 0.198438 0.742188 0.198438 0.739062 0.196875 0.7375 0.196875 0.735938 0.19375 0.732812 0.192188 0.732812 0.190625 0.73125 0.190625 0.729688 0.18125 0.720312
1 0.190625 0.7125 0.19375 0.715625 0.190625 0.71875 0.190625 0.720312 0.192188 0.721875 0.2 0.721875 0.203125 0.725 0.20625 0.725 0.20625 0.7125
1 0.873438 0.720312 0.865625 0.728125 0.865625 0.745312 0.860938 0.75 0.851562 0.75 0.85 0.751562 0.85 0.7625 0.84375 0.76875 0.84375 0.771875 0.840625 0.775 0.840625 0.78125 0.842188 0.782812 0.846875 0.782812 0.848438 0.78125 0.848438 0.778125 0.853125 0.773438 0.859375 0.773438 0.860938 0.771875 0.860938 0.753125 0.865625 0.748438 0.86875 0.748438 0.871875 0.745312 0.873438 0.732812 0.879688 0.726562
1 0.175 0.789062 0.16875 0.789062 0.167188 0.7875 0.15625 0.7875 0.154688 0.785938 0.154688 0.782812 0.153125 0.78125 0.15 0.78125 0.148438 0.782812 0.153125 0.785938 0.151562 0.7875 0.146875 0.7875 0.145312 0.785938 0.14375 0.7875 0.132812 0.7875 0.13125 0.789062 0.114062 0.7875 0.109375 0.790625 0.1125 0.792188 0.120312 0.792188 0.121875 0.79375 0.126562 0.792188 0.129688 0.795312 0.132812 0.792188 0.153125 0.792188 0.154688 0.79375 0.167188 0.792188 0.16875 0.790625 0.173438 0.792188
1 0.83125 0.790625 0.825 0.790625 0.820312 0.795312 0.81875 0.795312 0.814062 0.8 0.8125 0.8 0.810938 0.801562 0.810938 0.80625 0.807812 0.810938 0.807812 0.814062 0.803125 0.81875 0.807812 0.823438 0.8125 0.823438 0.814062 0.821875 0.814062 0.820312 0.817188 0.817188 0.817188 0.814062 0.83125 0.8 0.83125 0.798438 0.832812 0.796875 0.832812 0.792188
1 0.0 0.821875 0.0 0.873438 0.045312 0.873438 0.046875 0.870312 0.0375 0.8625 0.04375 0.853125 0.042188 0.851562 0.040625 0.853125 0.035938 0.848438 0.035938 0.839062 0.034375 0.8375 0.028125 0.8375 0.0125 0.820312 0.010938 0.821875
