1 0.276562 0.125 0.276562 0.128125 0.289062 0.128125 0.290625 0.126562 0.292188 0.128125 0.314062 0.128125 0.314062 0.126562 0.3125 0.125 0.303125 0.125 0.301562 0.126562 0.3 0.126562 0.298438 0.125 0.29375 0.125 0.292188 0.126562 0.290625 0.126562 0.289062 0.125
1 0.340625 0.126562 0.340625 0.128125 0.373438 0.128125 0.373438 0.126562 0.371875 0.125 0.364062 0.125 0.3625 0.123438 0.35625 0.123438 0.354688 0.125 0.342188 0.125
1 0.282812 0.11875 0.3125 0.121875 0.3375 0.121875 0.353125 0.11875 0.364062 0.120312 0.421875 0.11875 0.4125 0.115625 0.351562 0.117188 0.342188 0.114062 0.29375 0.115625
1 0.33125 0.275 0.320312 0.284375 0.310938 0.278125 0.296875 0.2875 0.290625 0.284375 0.290625 0.298438 0.282812 0.30625 0.275 0.303125 0.276562 0.314062 0.284375 0.307812 0.290625 0.3125 0.275 0.326562 0.265625 0.315625 0.25 0.325 0.25625 0.346875 0.242188 0.365625 0.254688 0.370312 0.228125 0.392188 0.198438 0.403125 0.195312 0.417188 0.184375 0.41875 0.185938 0.428125 0.196875 0.432812 0.209375 0.415625 0.220312 0.417188 0.214062 0.429688 0.190625 0.445312 0.201562 0.451562 0.196875 0.464062 0.251563 0.478125 0.239062 0.465625 0.248438 0.448438 0.273438 0.459375 0.28125 0.453125 0.273438 0.440625 0.279688 0.432812 0.301562 0.425 0.314062 0.429688 0.320312 0.401562 0.33125 0.398438
1 0.3125 0.125 0.076562 0.123438 0.1 0.145312 0.057812 0.140625 0.060938 0.175 0.035938 0.15625 0.048438 0.125 0.0 0.125 0.014062 0.301562 0.0 0.314062 0.025 0.329688 0.0 0.329688 0.0 0.55 0.039062 0.540625 0.010938 0.525 0.045312 0.509375 0.01875 0.490625 0.023438 0.454688 0.053125 0.473438 0.084375 0.4375 0.1125 0.460938 0.08125 0.373438 0.115625 0.30625 0.157812 0.323438 0.176562 0.292188 0.19375 0.320312 0.185938 0.303125 0.220312 0.289062 0.2 0.317188 0.23125 0.354688 0.221875 0.309375 0.303125 0.271875 0.2625 0.254688 0.325 0.15 0.298438 0.151562 0.25625 0.203125 0.270312 0.151562 0.248438 0.148438
1 0.282812 0.11875 0.285938 0.11875 0.2875 0.120312 0.310938 0.120312 0.3125 0.121875 0.33125 0.121875 0.33125 0.117188 0.285938 0.117188 0.284375 0.11875
1 0.948438 0.879688 0.948438 0.88125 0.998438 0.88125 0.998438 0.876562 0.954688 0.876562 0.953125 0.878125 0.95 0.878125
1 0.298438 0.842188 0.296875 0.840625 0.292188 0.845312 0.289062 0.842188 0.285938 0.845312 0.284375 0.845312 0.28125 0.842188 0.278125 0.84375 0.275 0.840625 0.273438 0.842188 0.270312 0.840625 0.26875 0.842188 0.26875 0.85 0.264062 0.854688 0.259375 0.854688 0.246875 0.86875 0.246875 0.871875 0.253125 0.875 0.254688 0.873438 0.257812 0.873438 0.259375 0.875 0.267188 0.865625 0.26875 0.865625 0.271875 0.86875 0.275 0.864062 0.276562 0.857812 0.28125 0.853125 0.28125 0.85 0.285938 0.845312 0.2875 0.846875 0.289062 0.845312 0.295312 0.848438
1 0.332812 0.826562 0.33125 0.828125 0.33125 0.832812 0.332812 0.834375 0.328125 0.840625 0.329688 0.842188 0.329688 0.84375 0.328125 0.845312 0.33125 0.848438 0.329688 0.85 0.329688 0.853125 0.335938 0.859375 0.335938 0.8625 0.339062 0.865625 0.3375 0.870312 0.339062 0.871875 0.340625 0.871875 0.342188 0.870312 0.342188 0.86875 0.346875 0.864062 0.346875 0.859375 0.351562 0.853125 0.35 0.851562 0.342188 0.859375 0.335938 0.853125 0.335938 0.851562 0.334375 0.85 0.334375 0.839062 0.332812 0.8375 0.335938 0.832812 0.335938 0.828125 0.334375 0.826562
1 0.24375 0.790625 0.240625 0.79375 0.240625 0.795312 0.232812 0.803125 0.235938 0.80625 0.235938 0.809375 0.240625 0.814062 0.240625 0.815625 0.24375 0.81875 0.24375 0.821875 0.248438 0.826562 0.251563 0.823438 0.251563 0.820312 0.253125 0.81875 0.251563 0.817188 0.253125 0.815625 0.25 0.810938 0.25 0.807812 0.251563 0.80625 0.251563 0.801562 0.245312 0.795312 0.246875 0.79375
1 0.403125 0.776562 0.4 0.779688 0.404688 0.784375 0.404688 0.785938 0.395312 0.796875 0.396875 0.798438 0.395312 0.80625 0.398438 0.807812 0.403125 0.803125 0.403125 0.798438 0.407812 0.79375 0.409375 0.79375 0.415625 0.8 0.415625 0.803125 0.409375 0.809375 0.409375 0.815625 0.4125 0.817188 0.420312 0.8125 0.421875 0.814062 0.423438 0.810938 0.417188 0.803125 0.423438 0.796875 0.421875 0.795312 0.420312 0.796875 0.417188 0.795312 0.403125 0.779688 0.404688 0.778125
1 0.3125 0.125 0.178125 0.125 0.178125 0.29375 0.19375 0.320312 0.190625 0.298438 0.203125 0.304688 0.214062 0.290625 0.225 0.29375 0.217188 0.314062 0.2 0.317188 0.226562 0.354688 0.235938 0.345312 0.223438 0.340625 0.221875 0.309375 0.228125 0.303125 0.248438 0.309375 0.251563 0.2875 0.264062 0.295312 0.276562 0.278125 0.303125 0.271875 0.278125 0.275 0.2625 0.254688 0.278125 0.217188 0.296875 0.209375 0.325 0.15 0.298438 0.151562 0.285938 0.171875 0.290625 0.179688 0.25625 0.203125 0.25 0.195312 0.270312 0.151562 0.248438 0.148438
1 0.342188 0.125 0.339062 0.267188 0.196875 0.464062 0.339062 0.3875 0.421875 0.429688 0.51875 0.335938 0.635938 0.407812 0.495312 0.434375 0.520312 0.489062 0.390625 0.514062 0.195312 0.695312 0.298438 0.65 0.557812 0.704688 0.448438 0.778125 0.470312 0.842188 0.373438 0.828125 0.404688 0.873438 0.998438 0.871875 0.79375 0.865625 0.826562 0.726562 0.68125 0.557812 0.779688 0.534375 0.815625 0.435938 0.839062 0.59375 0.989062 0.723438 0.998438 0.609375 0.917188 0.528125 0.982812 0.548438 0.998438 0.125
1 0.282812 0.11875 0.3125 0.121875 0.3375 0.121875 0.353125 0.11875 0.364062 0.120312 0.417188 0.120312 0.421875 0.11875 0.41875 0.117188 0.285938 0.117188
1 0.403125 0.776562 0.4 0.779688 0.404688 0.784375 0.404688 0.785938 0.395312 0.796875 0.396875 0.798438 0.395312 0.80625 0.398438 0.807812 0.403125 0.803125 0.403125 0.798438 0.407812 0.79375 0.409375 0.79375 0.415625 0.8 0.415625 0.803125 0.409375 0.809375 0.409375 0.815625 0.4125 0.817188 0.420312 0.8125 0.421875 0.814062 0.423438 0.810938 0.417188 0.803125 0.423438 0.796875 0.421875 0.795312 0.420312 0.796875 0.417188 0.795312 0.403125 0.779688 0.404688 0.778125
1 0.24375 0.790625 0.240625 0.79375 0.240625 0.795312 0.232812 0.803125 0.235938 0.80625 0.235938 0.809375 0.240625 0.814062 0.240625 0.815625 0.24375 0.81875 0.24375 0.821875 0.248438 0.826562 0.251563 0.823438 0.251563 0.820312 0.253125 0.81875 0.251563 0.817188 0.253125 0.815625 0.25 0.810938 0.25 0.807812 0.251563 0.80625 0.251563 0.801562 0.245312 0.795312 0.246875 0.79375
1 0.332812 0.826562 0.33125 0.828125 0.33125 0.832812 0.332812 0.834375 0.328125 0.840625 0.329688 0.842188 0.329688 0.84375 0.328125 0.845312 0.33125 0.848438 0.329688 0.85 0.329688 0.853125 0.335938 0.859375 0.335938 0.8625 0.339062 0.865625 0.3375 0.870312 0.339062 0.871875 0.340625 0.871875 0.342188 0.870312 0.342188 0.86875 0.346875 0.864062 0.346875 0.859375 0.351562 0.853125 0.35 0.851562 0.342188 0.859375 0.335938 0.853125 0.335938 0.851562 0.334375 0.85 0.334375 0.839062 0.332812 0.8375 0.335938 0.832812 0.335938 0.828125 0.334375 0.826562
1 0.240625 0.878125 0.240625 0.88125 0.304688 0.88125 0.304688 0.878125 0.271875 0.878125 0.270312 0.879688 0.253125 0.879688 0.251563 0.878125
1 0.298438 0.842188 0.296875 0.840625 0.292188 0.845312 0.289062 0.842188 0.285938 0.845312 0.284375 0.845312 0.28125 0.842188 0.278125 0.84375 0.275 0.840625 0.273438 0.842188 0.270312 0.840625 0.26875 0.842188 0.26875 0.85 0.264062 0.854688 0.259375 0.854688 0.246875 0.86875 0.246875 0.871875 0.253125 0.875 0.254688 0.873438 0.257812 0.873438 0.259375 0.875 0.267188 0.865625 0.26875 0.865625 0.271875 0.86875 0.275 0.864062 0.276562 0.857812 0.28125 0.853125 0.28125 0.85 0.285938 0.845312 0.2875 0.846875 0.289062 0.845312 0.295312 0.848438
1 0.003125 0.848438 0.001562 0.85 0.0 0.85 0.0 0.853125 0.004688 0.857812 0.004688 0.859375 0.0 0.864062 0.0 0.871875 0.001562 0.871875 0.003125 0.873438 0.010938 0.873438 0.0125 0.871875 0.0125 0.870312 0.010938 0.86875 0.010938 0.867188 0.014062 0.864062 0.014062 0.8625 0.015625 0.860938 0.014062 0.859375 0.014062 0.85625 0.007812 0.85 0.00625 0.85 0.004688 0.848438
1 0.454688 0.870312 0.459375 0.875 0.464062 0.873438 0.465625 0.875 0.473438 0.875 0.475 0.873438 0.520312 0.873438 0.525 0.870312 0.532812 0.873438 0.54375 0.873438 0.545312 0.871875 0.570312 0.873438 0.570312 0.870312
1 0.946875 0.882812 0.946875 0.884375 0.998438 0.884375 0.998438 0.876562 0.954688 0.876562 0.953125 0.878125 0.95 0.878125
