1 0.31875 0.1375 0.325 0.159375 0.325 0.16875 0.328125 0.175 0.328125 0.182812 0.340625 0.220312 0.340625 0.226562 0.34375 0.23125 0.345312 0.24375 0.345312 0.228125 0.342188 0.220312 0.342188 0.210938 0.334375 0.185938 0.334375 0.18125 0.329688 0.170312 0.325 0.145312 0.321875 0.135938
1 0.339062 0.125 0.3875 0.364062 0.3875 0.546875 0.353125 0.646875 0.296875 0.71875 0.284375 0.801562 0.304688 0.864062 0.998438 0.873438 0.998438 0.773438 0.840625 0.579688 0.732812 0.315625 0.6875 0.126562
1 0.31875 0.1375 0.325 0.159375 0.325 0.16875 0.328125 0.175 0.328125 0.182812 0.340625 0.220312 0.340625 0.226562 0.34375 0.23125 0.345312 0.24375 0.345312 0.228125 0.342188 0.220312 0.342188 0.210938 0.334375 0.185938 0.334375 0.18125 0.329688 0.170312 0.325 0.145312 0.321875 0.135938
1 0.3375 0.129688 0.340625 0.135938 0.345312 0.135938 0.35 0.140625 0.35 0.148438 0.348438 0.151562 0.340625 0.159375 0.340625 0.164062 0.339062 0.167188 0.340625 0.16875 0.340625 0.173438 0.34375 0.176562 0.348438 0.185938 0.351562 0.189062 0.351562 0.129688
1 0.14375 0.670312 0.14375 0.673438 0.148438 0.675 0.154688 0.68125 0.165625 0.6875 0.165625 0.703125 0.164062 0.704688 0.164062 0.710938 0.160938 0.715625 0.159375 0.726562 0.15625 0.73125 0.15625 0.745312 0.157812 0.75 0.160938 0.75 0.165625 0.7375 0.165625 0.68125 0.153125 0.671875
1 0.159375 0.629688 0.145312 0.632812 0.129688 0.642188 0.110938 0.6625 0.103125 0.684375 0.103125 0.703125 0.110938 0.725 0.121875 0.739062 0.135938 0.748438 0.1375 0.746875 0.126562 0.740625 0.110938 0.71875 0.10625 0.703125 0.10625 0.682812 0.110938 0.66875 0.11875 0.65625 0.132812 0.642188
1 0.215625 0.75625 0.210938 0.751562 0.210938 0.748438 0.209375 0.746875 0.204688 0.746875 0.204688 0.751562 0.203125 0.753125 0.18125 0.753125 0.175 0.75625 0.167188 0.75625 0.165625 0.754688 0.1625 0.75625 0.154688 0.75625 0.153125 0.754688 0.142188 0.754688 0.139062 0.75625
1 0.215625 0.665625 0.2 0.675 0.1875 0.676562 0.173438 0.69375 0.165625 0.6875 0.165625 0.68125 0.160938 0.676562 0.14375 0.670312 0.14375 0.673438 0.165625 0.6875 0.164062 0.710938 0.15625 0.73125 0.157812 0.75 0.1625 0.748438 0.16875 0.723438 0.165625 0.7125 0.170312 0.704688 0.176562 0.707812 0.179688 0.715625 0.176562 0.723438 0.182812 0.732812 0.201562 0.745312 0.198438 0.735938 0.18125 0.715625 0.178125 0.692188 0.190625 0.682812 0.2 0.682812 0.21875 0.670312
1 0.239062 0.670312 0.239062 0.679688 0.242188 0.685938 0.242188 0.696875 0.240625 0.698438 0.240625 0.703125 0.239062 0.704688 0.239062 0.7125 0.235938 0.717188 0.235938 0.720312 0.23125 0.725 0.23125 0.728125 0.228125 0.73125 0.228125 0.732812 0.225 0.734375 0.221875 0.739062 0.220312 0.739062 0.220312 0.740625 0.225 0.739062 0.232812 0.73125 0.24375 0.709375 0.245312 0.69375 0.24375 0.692188 0.24375 0.68125 0.240625 0.676562
1 0.24375 0.759375 0.235938 0.75625 0.217188 0.757812 0.209375 0.746875 0.204688 0.746875 0.203125 0.753125 0.18125 0.753125 0.175 0.75625 0.142188 0.754688 0.1375 0.757812 0.11875 0.757812 0.109375 0.753125 0.09375 0.754688 0.10625 0.75625 0.117188 0.760938 0.11875 0.764062 0.184375 0.765625 0.190625 0.760938 0.2125 0.759375 0.217188 0.764062 0.23125 0.764062
1 0.109375 0.789062 0.109375 0.790625 0.128125 0.79375 0.178125 0.790625 0.20625 0.79375 0.221875 0.790625 0.228125 0.792188 0.242188 0.790625 0.234375 0.784375 0.225 0.789062 0.21875 0.785938 0.192188 0.784375 0.1875 0.7875 0.179688 0.785938 0.176562 0.789062 0.175 0.785938 0.154688 0.784375 0.151562 0.78125 0.148438 0.784375 0.142188 0.785938 0.1375 0.784375 0.128125 0.789062 0.11875 0.784375
