1 0.417188 0.123438 0.353125 0.245312 0.328125 0.370312 0.342188 0.3625 0.389062 0.46875 0.367188 0.478125 0.409375 0.504687 0.428125 0.551562 0.453125 0.871875 0.720312 0.873438 0.695312 0.33125 0.7875 0.126562
1 0.148438 0.634375 0.139062 0.634375 0.11875 0.653125 0.10625 0.673438 0.103125 0.685938 0.103125 0.701562 0.110938 0.725 0.121875 0.739062 0.135938 0.748438 0.1375 0.746875 0.128125 0.742188 0.110938 0.720312 0.10625 0.704688 0.10625 0.682812 0.110938 0.667188 0.11875 0.654688 0.139062 0.639062 0.14375 0.648438 0.148438 0.645312
1 0.178125 0.634375 0.176562 0.634375 0.170312 0.640625 0.16875 0.639062 0.167188 0.640625 0.16875 0.642188 0.170312 0.640625 0.173438 0.64375 0.171875 0.645312 0.16875 0.645312 0.16875 0.646875 0.170312 0.648438 0.170312 0.65625 0.16875 0.657812 0.170312 0.659375 0.170312 0.6625 0.171875 0.664062 0.171875 0.670312 0.173438 0.671875 0.173438 0.673438 0.175 0.673438 0.175 0.671875 0.176562 0.670312 0.176562 0.667188 0.178125 0.665625 0.178125 0.645312 0.175 0.645312 0.173438 0.64375 0.173438 0.642188 0.175 0.640625 0.178125 0.640625 0.179688 0.639062 0.178125 0.6375 0.179688 0.635938
1 0.214062 0.75625 0.209375 0.751562 0.209375 0.748438 0.207812 0.748438 0.207812 0.75 0.201562 0.754688 0.2 0.753125 0.18125 0.753125 0.175 0.75625 0.167188 0.75625 0.165625 0.754688 0.1625 0.75625 0.15625 0.75625 0.154688 0.754688 0.145312 0.754688 0.142188 0.753125 0.139062 0.75625
1 0.215625 0.665625 0.2 0.675 0.1875 0.676562 0.173438 0.695312 0.165625 0.690625 0.165625 0.68125 0.153125 0.671875 0.14375 0.671875 0.165625 0.6875 0.164062 0.714062 0.151562 0.73125 0.15625 0.735938 0.157812 0.75 0.16875 0.745312 0.164062 0.742188 0.16875 0.725 0.165625 0.7125 0.171875 0.703125 0.179688 0.714062 0.176562 0.723438 0.182812 0.732812 0.201562 0.745312 0.198438 0.735938 0.18125 0.715625 0.178125 0.692188 0.1875 0.684375 0.2 0.682812 0.21875 0.66875
1 0.178125 0.790625 0.190625 0.790625 0.195312 0.79375 0.196875 0.792188 0.201562 0.792188 0.203125 0.79375 0.20625 0.79375 0.207812 0.792188 0.21875 0.792188 0.220312 0.790625 0.228125 0.790625 0.229688 0.792188 0.240625 0.792188 0.242188 0.790625 0.235938 0.785938 0.229688 0.785938 0.225 0.789062 0.221875 0.789062 0.21875 0.785938 0.20625 0.785938 0.198438 0.779688 0.195312 0.784375 0.185938 0.789062 0.18125 0.785938 0.179688 0.785938
1 0.178125 0.782812 0.175 0.779688 0.170312 0.784375 0.165625 0.779688 0.164062 0.78125 0.1625 0.779688 0.159375 0.782812 0.160938 0.784375 0.159375 0.785938 0.157812 0.785938 0.154688 0.78125 0.153125 0.782812 0.15 0.78125 0.148438 0.784375 0.14375 0.784375 0.142188 0.785938 0.1375 0.784375 0.128125 0.789062 0.117188 0.784375 0.115625 0.785938 0.1125 0.785938 0.109375 0.790625 0.114062 0.790625 0.115625 0.792188 0.126562 0.792188 0.128125 0.79375 0.13125 0.79375 0.132812 0.792188 0.175 0.792188 0.176562 0.79375 0.175 0.792188 0.175 0.785938
1 0.24375 0.757812 0.215625 0.757812 0.209375 0.748438 0.201562 0.754688 0.18125 0.753125 0.175 0.75625 0.15625 0.75625 0.142188 0.753125 0.1375 0.757812 0.095312 0.753125 0.082812 0.767188 0.082812 0.78125 0.090625 0.79375 0.098438 0.790625 0.092188 0.789062 0.0875 0.782812 0.089062 0.7625 0.095312 0.75625 0.104688 0.75625 0.11875 0.764062 0.14375 0.764062 0.146875 0.767188 0.15 0.764062 0.153125 0.767188 0.15625 0.764062 0.1625 0.767188 0.165625 0.764062 0.175 0.765625 0.214062 0.759375 0.21875 0.764062 0.23125 0.764062
1 0.178125 0.782812 0.175 0.779688 0.170312 0.784375 0.165625 0.779688 0.164062 0.78125 0.1625 0.779688 0.159375 0.782812 0.160938 0.784375 0.159375 0.785938 0.157812 0.785938 0.154688 0.78125 0.153125 0.782812 0.15 0.78125 0.148438 0.784375 0.14375 0.784375 0.142188 0.785938 0.1375 0.784375 0.128125 0.789062 0.117188 0.784375 0.115625 0.785938 0.1125 0.785938 0.109375 0.790625 0.114062 0.790625 0.115625 0.792188 0.126562 0.792188 0.128125 0.79375 0.13125 0.79375 0.132812 0.792188 0.175 0.792188 0.176562 0.79375 0.175 0.792188 0.175 0.785938
1 0.178125 0.790625 0.190625 0.790625 0.195312 0.79375 0.196875 0.792188 0.201562 0.792188 0.203125 0.79375 0.20625 0.79375 0.207812 0.792188 0.21875 0.792188 0.220312 0.790625 0.228125 0.790625 0.229688 0.792188 0.240625 0.792188 0.242188 0.790625 0.235938 0.785938 0.229688 0.785938 0.225 0.789062 0.221875 0.789062 0.21875 0.785938 0.20625 0.785938 0.198438 0.779688 0.195312 0.784375 0.185938 0.789062 0.18125 0.785938 0.179688 0.785938
