1 0.4125 0.807812 0.423438 0.815625 0.434375 0.810938 0.45 0.829688 0.459375 0.829688 0.476562 0.846875 0.501562 0.857812 0.510938 0.86875 0.528125 0.86875 0.534375 0.875 0.59375 0.873438 0.598438 0.870312 0.595312 0.860938 0.585938 0.86875 0.579688 0.86875 0.56875 0.860938 0.564062 0.8625 0.534375 0.842188 0.526562 0.846875 0.514062 0.84375 0.496875 0.832812 0.490625 0.81875 0.485938 0.823438 0.479688 0.81875 0.476562 0.821875 0.470312 0.815625 0.453125 0.820312 0.439062 0.809375 0.434375 0.796875 0.423438 0.80625 0.415625 0.804688
1 0.389062 0.764062 0.3875 0.765625 0.3875 0.771875 0.390625 0.775 0.385938 0.779688 0.385938 0.782812 0.384375 0.784375 0.384375 0.785938 0.379688 0.790625 0.38125 0.792188 0.385938 0.792188 0.390625 0.796875 0.392188 0.796875 0.39375 0.795312 0.4 0.801562 0.401562 0.8 0.40625 0.8 0.407812 0.798438 0.40625 0.796875 0.410938 0.792188 0.403125 0.784375 0.401562 0.784375 0.396875 0.779688 0.396875 0.778125 0.398438 0.776562 0.39375 0.771875 0.392188 0.767188
1 0.609375 0.673438 0.604688 0.678125 0.603125 0.678125 0.6 0.68125 0.6 0.682812 0.604688 0.6875 0.604688 0.690625 0.603125 0.692188 0.603125 0.695312 0.604688 0.696875 0.603125 0.698438 0.603125 0.701562 0.6 0.704688 0.6 0.70625 0.601562 0.707812 0.601562 0.709375 0.6 0.710938 0.603125 0.714062 0.603125 0.715625 0.609375 0.721875
1 0.554688 0.598438 0.55625 0.6 0.55625 0.603125 0.554688 0.604688 0.559375 0.609375 0.559375 0.610938 0.560938 0.6125 0.560938 0.615625 0.5625 0.617188 0.570312 0.617188 0.571875 0.61875 0.575 0.61875 0.576562 0.617188 0.579688 0.617188 0.582812 0.614062 0.584375 0.614062 0.585938 0.6125 0.585938 0.610938 0.582812 0.607812 0.58125 0.607812 0.575 0.601562 0.573438 0.603125 0.571875 0.603125 0.56875 0.6 0.564062 0.6 0.5625 0.598438 0.559375 0.598438 0.557812 0.596875 0.55625 0.596875
1 0.335938 0.582812 0.332812 0.579688 0.328125 0.584375 0.323438 0.584375 0.321875 0.582812 0.320312 0.584375 0.31875 0.582812 0.315625 0.582812 0.3125 0.585938 0.314062 0.5875 0.3125 0.589062 0.314062 0.590625 0.314062 0.59375 0.3125 0.595312 0.3125 0.596875 0.314062 0.598438 0.321875 0.598438 0.323438 0.596875 0.325 0.598438 0.326562 0.598438 0.328125 0.6 0.329688 0.6 0.332812 0.603125 0.334375 0.603125 0.335938 0.601562 0.335938 0.598438 0.3375 0.596875 0.3375 0.595312 0.335938 0.59375 0.3375 0.592188 0.3375 0.585938 0.335938 0.584375
1 0.49375 0.55 0.482812 0.557812 0.4875 0.5625 0.484375 0.571875 0.478125 0.578125 0.467188 0.58125 0.4625 0.590625 0.464062 0.598438 0.470312 0.598438 0.478125 0.6125 0.473438 0.617188 0.459375 0.614062 0.451562 0.617188 0.445312 0.625 0.448438 0.635938 0.457812 0.646875 0.46875 0.648438 0.476562 0.65625 0.501562 0.648438 0.510938 0.654688 0.528125 0.657812 0.553125 0.675 0.5625 0.675 0.567188 0.670312 0.567188 0.664062 0.55 0.642188 0.554688 0.6375 0.548438 0.63125 0.551562 0.621875 0.542188 0.614062 0.548438 0.604688 0.521875 0.58125 0.51875 0.570312 0.504687 0.551562
1 0.425 0.542188 0.421875 0.545312 0.421875 0.546875 0.420312 0.548438 0.421875 0.55 0.421875 0.553125 0.425 0.55625 0.429688 0.55625 0.434375 0.560938 0.434375 0.564062 0.440625 0.570312 0.446875 0.570312 0.45 0.567188 0.448438 0.565625 0.448438 0.557812 0.446875 0.55625 0.445312 0.55625 0.439062 0.55 0.435938 0.55 0.428125 0.542188 0.426562 0.54375
1 0.59375 0.50625 0.590625 0.509375 0.592188 0.510938 0.590625 0.5125 0.590625 0.514062 0.592188 0.515625 0.59375 0.515625 0.601562 0.523438 0.603125 0.523438 0.604688 0.525 0.607812 0.525 0.609375 0.523438 0.609375 0.514062 0.607812 0.5125 0.609375 0.510938 0.603125 0.504687 0.596875 0.504687 0.595312 0.50625
1 0.45625 0.460938 0.448438 0.46875 0.448438 0.470312 0.45 0.471875 0.45 0.473438 0.448438 0.475 0.45 0.476562 0.45 0.478125 0.453125 0.48125 0.453125 0.482812 0.459375 0.489062 0.460938 0.489062 0.4625 0.490625 0.467188 0.490625 0.46875 0.492188 0.471875 0.492188 0.475 0.489062 0.473438 0.4875 0.473438 0.485938 0.475 0.484375 0.475 0.478125 0.473438 0.476562 0.475 0.475 0.475 0.470312 0.471875 0.465625 0.470312 0.465625 0.465625 0.4625 0.4625 0.4625 0.460938 0.460938
1 0.389062 0.378125 0.3875 0.378125 0.385938 0.379688 0.38125 0.379688 0.378125 0.382812 0.378125 0.385938 0.371875 0.392188 0.370312 0.392188 0.36875 0.39375 0.371875 0.396875 0.370312 0.398438 0.371875 0.4 0.378125 0.39375 0.384375 0.39375 0.385938 0.395312 0.3875 0.39375 0.389062 0.39375 0.39375 0.389062 0.39375 0.384375 0.392188 0.382812 0.392188 0.38125
1 0.592188 0.289062 0.589062 0.292188 0.589062 0.298438 0.592188 0.301562 0.592188 0.303125 0.59375 0.304688 0.59375 0.30625 0.595312 0.307812 0.595312 0.309375 0.598438 0.3125 0.601562 0.3125 0.603125 0.314062 0.604688 0.314062 0.60625 0.315625 0.607812 0.314062 0.609375 0.314062 0.609375 0.2875 0.598438 0.2875 0.596875 0.289062
1 0.0 0.132812 0.057812 0.132812 0.059375 0.13125 0.104688 0.129688 0.0 0.128125
1 0.459375 0.126562 0.1375 0.125 0.0 0.404688 0.0 0.873438 0.123438 0.873438 0.1 0.81875 0.151562 0.810938 0.104688 0.796875 0.245312 0.790625 0.090625 0.784375 0.126562 0.714062 0.160938 0.728125 0.115625 0.682812 0.098438 0.732812 0.073438 0.653125 0.132812 0.628125 0.128125 0.570312 0.051562 0.523438 0.1375 0.5625 0.178125 0.539062 0.251563 0.598438 0.307812 0.546875 0.3875 0.573438 0.401562 0.448438 0.323438 0.409375 0.398438 0.35625 0.40625 0.43125 0.470312 0.392188 0.509375 0.503125 0.567188 0.529688 0.526562 0.432812 0.596875 0.365625 0.451562 0.289062 0.46875 0.38125 0.398438 0.307812 0.410938 0.239062 0.445312 0.270312 0.498438 0.1875
1 0.0 0.132812 0.057812 0.132812 0.059375 0.13125 0.104688 0.129688 0.0 0.128125
1 0.610938 0.285938 0.609375 0.2875 0.598438 0.2875 0.596875 0.289062 0.592188 0.289062 0.589062 0.292188 0.589062 0.298438 0.592188 0.301562 0.592188 0.303125 0.59375 0.304688 0.595312 0.309375 0.598438 0.3125 0.601562 0.3125 0.60625 0.315625 0.607812 0.314062 0.610938 0.314062 0.6125 0.3125 0.614062 0.3125 0.61875 0.307812 0.620312 0.307812 0.623438 0.304688 0.623438 0.3 0.625 0.298438 0.625 0.295312 0.621875 0.290625 0.620312 0.290625 0.61875 0.289062 0.615625 0.289062
1 0.389062 0.378125 0.3875 0.378125 0.385938 0.379688 0.38125 0.379688 0.378125 0.382812 0.378125 0.385938 0.371875 0.392188 0.370312 0.392188 0.36875 0.39375 0.371875 0.396875 0.370312 0.398438 0.371875 0.4 0.378125 0.39375 0.384375 0.39375 0.385938 0.395312 0.3875 0.39375 0.389062 0.39375 0.39375 0.389062 0.39375 0.384375 0.392188 0.382812 0.392188 0.38125
1 0.45625 0.460938 0.448438 0.46875 0.448438 0.470312 0.45 0.471875 0.45 0.473438 0.448438 0.475 0.45 0.476562 0.45 0.478125 0.453125 0.48125 0.453125 0.482812 0.459375 0.489062 0.460938 0.489062 0.4625 0.490625 0.467188 0.490625 0.46875 0.492188 0.471875 0.492188 0.475 0.489062 0.473438 0.4875 0.473438 0.485938 0.475 0.484375 0.475 0.478125 0.473438 0.476562 0.475 0.475 0.475 0.470312 0.471875 0.465625 0.470312 0.465625 0.465625 0.4625 0.4625 0.4625 0.460938 0.460938
1 0.59375 0.50625 0.590625 0.509375 0.592188 0.510938 0.590625 0.5125 0.590625 0.514062 0.592188 0.515625 0.59375 0.515625 0.601562 0.523438 0.603125 0.523438 0.604688 0.525 0.607812 0.525 0.609375 0.523438 0.609375 0.514062 0.607812 0.5125 0.609375 0.510938 0.603125 0.504687 0.596875 0.504687 0.595312 0.50625
1 0.425 0.542188 0.421875 0.545312 0.421875 0.546875 0.420312 0.548438 0.421875 0.55 0.421875 0.553125 0.425 0.55625 0.429688 0.55625 0.434375 0.560938 0.434375 0.564062 0.440625 0.570312 0.446875 0.570312 0.45 0.567188 0.448438 0.565625 0.448438 0.557812 0.446875 0.55625 0.445312 0.55625 0.439062 0.55 0.435938 0.55 0.428125 0.542188 0.426562 0.54375
1 0.55625 0.596875 0.554688 0.598438 0.55625 0.6 0.55625 0.603125 0.554688 0.604688 0.559375 0.609375 0.559375 0.610938 0.560938 0.6125 0.560938 0.615625 0.5625 0.617188 0.570312 0.617188 0.571875 0.61875 0.573438 0.61875 0.573438 0.603125 0.571875 0.603125 0.56875 0.6 0.564062 0.6 0.5625 0.598438 0.559375 0.598438 0.557812 0.596875
1 0.49375 0.55 0.482812 0.557812 0.4875 0.5625 0.484375 0.571875 0.478125 0.578125 0.467188 0.58125 0.4625 0.590625 0.464062 0.598438 0.470312 0.598438 0.478125 0.6125 0.473438 0.617188 0.459375 0.614062 0.451562 0.617188 0.445312 0.625 0.448438 0.635938 0.457812 0.646875 0.46875 0.648438 0.476562 0.65625 0.501562 0.648438 0.510938 0.654688 0.528125 0.657812 0.553125 0.675 0.5625 0.675 0.567188 0.670312 0.567188 0.664062 0.55 0.642188 0.554688 0.6375 0.548438 0.63125 0.551562 0.621875 0.542188 0.614062 0.548438 0.604688 0.521875 0.58125 0.51875 0.570312 0.504687 0.551562
1 0.439062 0.55 0.439062 0.56875 0.440625 0.570312 0.446875 0.570312 0.45 0.567188 0.448438 0.565625 0.448438 0.557812 0.446875 0.55625 0.445312 0.55625
1 0.665625 0.623438 0.664062 0.625 0.664062 0.639062 0.678125 0.639062 0.678125 0.6375 0.679688 0.635938 0.679688 0.634375 0.66875 0.623438
1 0.717188 0.573438 0.7125 0.575 0.7125 0.579688 0.707812 0.584375 0.698438 0.579688 0.69375 0.58125 0.685938 0.58125 0.684375 0.579688 0.68125 0.58125 0.679688 0.579688 0.675 0.582812 0.673438 0.590625 0.670312 0.59375 0.670312 0.596875 0.676562 0.604688 0.68125 0.607812 0.684375 0.607812 0.695312 0.61875 0.696875 0.621875 0.695312 0.63125 0.696875 0.632812 0.703125 0.629688 0.709375 0.623438 0.715625 0.623438 0.720312 0.61875 0.720312 0.614062 0.717188 0.60625 0.709375 0.598438 0.7125 0.592188 0.709375 0.585938 0.71875 0.578125
1 0.335938 0.582812 0.332812 0.579688 0.328125 0.584375 0.323438 0.584375 0.321875 0.582812 0.320312 0.584375 0.31875 0.582812 0.315625 0.582812 0.3125 0.585938 0.314062 0.5875 0.3125 0.589062 0.314062 0.590625 0.314062 0.59375 0.3125 0.595312 0.3125 0.596875 0.314062 0.598438 0.321875 0.598438 0.323438 0.596875 0.325 0.598438 0.326562 0.598438 0.328125 0.6 0.329688 0.6 0.332812 0.603125 0.334375 0.603125 0.335938 0.601562 0.335938 0.598438 0.3375 0.596875 0.3375 0.595312 0.335938 0.59375 0.3375 0.592188 0.3375 0.585938 0.335938 0.584375
1 0.554688 0.598438 0.55625 0.6 0.55625 0.603125 0.554688 0.604688 0.559375 0.609375 0.559375 0.610938 0.560938 0.6125 0.560938 0.615625 0.5625 0.617188 0.570312 0.617188 0.571875 0.61875 0.575 0.61875 0.576562 0.617188 0.579688 0.617188 0.582812 0.614062 0.584375 0.614062 0.585938 0.6125 0.585938 0.610938 0.582812 0.607812 0.58125 0.607812 0.575 0.601562 0.573438 0.603125 0.571875 0.603125 0.56875 0.6 0.564062 0.6 0.5625 0.598438 0.559375 0.598438 0.557812 0.596875 0.55625 0.596875
1 0.623438 0.601562 0.617188 0.607812 0.617188 0.615625 0.621875 0.620312 0.628125 0.620312 0.63125 0.623438 0.6375 0.623438 0.639062 0.621875 0.639062 0.620312 0.640625 0.61875 0.640625 0.615625 0.642188 0.614062 0.640625 0.6125 0.640625 0.607812 0.634375 0.601562 0.632812 0.601562 0.63125 0.6 0.629688 0.6 0.628125 0.601562
1 0.66875 0.623438 0.659375 0.626562 0.65625 0.634375 0.6625 0.645312 0.651562 0.651562 0.653125 0.657812 0.64375 0.664062 0.639062 0.673438 0.620312 0.664062 0.614062 0.665625 0.6 0.68125 0.604688 0.6875 0.6 0.710938 0.617188 0.729688 0.621875 0.729688 0.625 0.723438 0.621875 0.707812 0.626562 0.703125 0.634375 0.707812 0.653125 0.6875 0.6625 0.689062 0.66875 0.682812 0.676562 0.689062 0.6625 0.695312 0.673438 0.710938 0.678125 0.710938 0.692188 0.692188 0.701562 0.704688 0.710938 0.701562 0.70625 0.69375 0.698438 0.69375 0.69375 0.689062 0.6875 0.671875 0.673438 0.660938 0.679688 0.651562 0.676562 0.645312 0.679688 0.634375
1 0.69375 0.617188 0.695312 0.61875 0.695312 0.620312 0.696875 0.621875 0.696875 0.623438 0.695312 0.625 0.695312 0.63125 0.696875 0.632812 0.698438 0.632812 0.701562 0.629688 0.703125 0.629688 0.709375 0.623438 0.715625 0.623438 0.717188 0.621875 0.717188 0.617188
1 0.771875 0.63125 0.76875 0.634375 0.764062 0.634375 0.7625 0.632812 0.757812 0.635938 0.754688 0.634375 0.751562 0.635938 0.75625 0.640625 0.75625 0.64375 0.753125 0.65 0.75 0.653125 0.75 0.657812 0.748438 0.660938 0.75625 0.66875 0.75625 0.671875 0.757812 0.673438 0.760938 0.670312 0.7625 0.671875 0.770312 0.6625 0.773438 0.6625 0.776562 0.659375 0.782812 0.659375 0.7875 0.664062 0.789062 0.6625 0.7875 0.659375 0.789062 0.65625 0.782812 0.648438 0.782812 0.642188 0.784375 0.640625 0.779688 0.635938 0.775 0.634375
1 0.964062 0.651562 0.9625 0.654688 0.9625 0.6625 0.970312 0.670312 0.965625 0.675 0.965625 0.678125 0.970312 0.68125 0.971875 0.679688 0.973438 0.68125 0.982812 0.68125 0.984375 0.679688 0.985938 0.68125 0.989062 0.679688 0.990625 0.68125 0.992188 0.679688 0.998438 0.679688 0.998438 0.65625 0.996875 0.657812 0.99375 0.654688 0.992188 0.65625 0.9875 0.65625 0.979688 0.665625 0.973438 0.659375 0.976562 0.65625 0.975 0.654688 0.975 0.65 0.973438 0.648438 0.970312 0.648438
1 0.7375 0.685938 0.742188 0.696875 0.739062 0.7 0.745312 0.7 0.757812 0.710938 0.753125 0.717188 0.74375 0.717188 0.739062 0.721875 0.739062 0.728125 0.745312 0.735938 0.757812 0.740625 0.764062 0.739062 0.773438 0.73125 0.76875 0.71875 0.773438 0.714062 0.779688 0.715625 0.782812 0.7125 0.789062 0.717188 0.784375 0.723438 0.7875 0.734375 0.782812 0.739062 0.779688 0.7375 0.771875 0.746875 0.773438 0.748438 0.784375 0.745312 0.803125 0.754688 0.809375 0.748438 0.820312 0.745312 0.829688 0.732812 0.829688 0.728125 0.8125 0.717188 0.796875 0.696875 0.7875 0.703125 0.776562 0.703125 0.771875 0.698438 0.771875 0.689062 0.75625 0.676562
1 0.998438 0.69375 0.96875 0.7125 0.942188 0.704688 0.959375 0.690625 0.954688 0.68125 0.901562 0.698438 0.870312 0.748438 0.879688 0.764062 0.914062 0.74375 0.910938 0.726562 0.926562 0.70625 0.94375 0.729688 0.9875 0.717188 0.975 0.73125 0.990625 0.745312 0.940625 0.74375 0.946875 0.754688 0.923438 0.775 0.871875 0.784375 0.859375 0.776562 0.846875 0.790625 0.814062 0.784375 0.820312 0.8125 0.753125 0.83125 0.7375 0.846875 0.75 0.871875 0.803125 0.871875 0.765625 0.853125 0.789062 0.829688 0.823438 0.854688 0.826562 0.871875 0.839062 0.871875 0.835938 0.859375 0.846875 0.854688 0.851562 0.871875 0.895312 0.860938 0.901562 0.871875 0.998438 0.873438 0.998438 0.748438 0.989062 0.746875 0.998438 0.745312
1 0.7375 0.685938 0.742188 0.696875 0.739062 0.7 0.745312 0.7 0.757812 0.710938 0.753125 0.717188 0.74375 0.717188 0.739062 0.721875 0.739062 0.728125 0.745312 0.735938 0.757812 0.740625 0.764062 0.739062 0.773438 0.73125 0.76875 0.71875 0.773438 0.714062 0.779688 0.715625 0.782812 0.7125 0.789062 0.717188 0.784375 0.723438 0.7875 0.734375 0.782812 0.739062 0.779688 0.7375 0.771875 0.746875 0.773438 0.748438 0.784375 0.745312 0.803125 0.754688 0.809375 0.748438 0.820312 0.745312 0.829688 0.732812 0.829688 0.728125 0.8125 0.717188 0.796875 0.696875 0.7875 0.703125 0.776562 0.703125 0.771875 0.698438 0.771875 0.689062 0.75625 0.676562
1 0.965625 0.675 0.965625 0.678125 0.967188 0.679688 0.96875 0.679688 0.970312 0.68125 0.971875 0.679688 0.973438 0.68125 0.982812 0.68125 0.984375 0.679688 0.985938 0.68125 0.9875 0.68125 0.989062 0.679688 0.990625 0.68125 0.992188 0.679688 0.998438 0.679688 0.998438 0.675
1 0.389062 0.764062 0.3875 0.765625 0.3875 0.771875 0.390625 0.775 0.385938 0.779688 0.385938 0.782812 0.384375 0.784375 0.384375 0.785938 0.379688 0.790625 0.38125 0.792188 0.385938 0.792188 0.390625 0.796875 0.392188 0.796875 0.39375 0.795312 0.4 0.801562 0.401562 0.8 0.40625 0.8 0.407812 0.798438 0.40625 0.796875 0.410938 0.792188 0.403125 0.784375 0.401562 0.784375 0.396875 0.779688 0.396875 0.778125 0.398438 0.776562 0.39375 0.771875 0.392188 0.767188
1 0.4125 0.807812 0.423438 0.815625 0.434375 0.810938 0.45 0.829688 0.459375 0.829688 0.476562 0.846875 0.501562 0.857812 0.510938 0.86875 0.528125 0.86875 0.534375 0.875 0.59375 0.873438 0.598438 0.870312 0.595312 0.860938 0.585938 0.86875 0.579688 0.86875 0.56875 0.860938 0.564062 0.8625 0.534375 0.842188 0.526562 0.846875 0.514062 0.84375 0.496875 0.832812 0.490625 0.81875 0.485938 0.823438 0.479688 0.81875 0.476562 0.821875 0.470312 0.815625 0.453125 0.820312 0.439062 0.809375 0.434375 0.796875 0.423438 0.80625 0.415625 0.804688
