0 0.101562 0.8125 0.096875 0.820312 0.1 0.823438 0.1 0.829688 0.104688 0.834375 0.107812 0.835938 0.114062 0.835938 0.125 0.845312 0.129688 0.842188 0.132812 0.842188 0.135938 0.839062 0.1375 0.840625 0.140625 0.840625 0.142188 0.839062 0.139062 0.832812 0.145312 0.826562 0.14375 0.825 0.134375 0.825 0.129688 0.820312 0.129688 0.817188 0.128125 0.815625 0.128125 0.809375 0.125 0.80625 0.121875 0.809375 0.11875 0.809375 0.115625 0.8125
0 0.3 0.785938 0.290625 0.78125 0.278125 0.79375 0.270312 0.790625 0.26875 0.796875 0.275 0.803125 0.270312 0.810938 0.207812 0.828125 0.2 0.821875 0.201562 0.828125 0.198438 0.83125 0.185938 0.834375 0.175 0.828125 0.165625 0.842188 0.157812 0.842188 0.153125 0.8375 0.1625 0.83125 0.159375 0.825 0.15 0.834375 0.151562 0.839062 0.146875 0.84375 0.160938 0.853125 0.198438 0.842188 0.210938 0.846875 0.209375 0.842188 0.220312 0.834375 0.259375 0.829688 0.270312 0.821875 0.276562 0.809375 0.2875 0.8 0.285938 0.79375
0 0.134375 0.7125 0.121875 0.701562 0.11875 0.701562 0.115625 0.704688 0.115625 0.707812 0.110938 0.714062 0.1125 0.715625 0.1125 0.720312 0.107812 0.725 0.101562 0.720312 0.101562 0.717188 0.103125 0.715625 0.1 0.7125 0.096875 0.7125 0.09375 0.715625 0.089062 0.715625 0.0875 0.717188 0.0875 0.726562 0.079688 0.734375 0.078125 0.739062 0.082812 0.74375 0.085938 0.742188 0.0875 0.74375 0.09375 0.740625 0.103125 0.729688 0.107812 0.732812 0.11875 0.723438 0.125 0.723438 0.126562 0.721875 0.128125 0.723438 0.132812 0.720312 0.132812 0.714062
0 0.032812 0.69375 0.032812 0.70625 0.034375 0.707812 0.0375 0.70625 0.040625 0.709375 0.04375 0.709375 0.048438 0.70625 0.051562 0.707812 0.057812 0.701562 0.065625 0.707812 0.065625 0.710938 0.057812 0.71875 0.05625 0.717188 0.048438 0.723438 0.048438 0.729688 0.05 0.73125 0.064062 0.721875 0.067188 0.723438 0.076562 0.7125 0.070312 0.70625 0.075 0.701562 0.078125 0.704688 0.084375 0.704688 0.085938 0.703125 0.078125 0.69375 0.071875 0.695312 0.067188 0.690625 0.059375 0.690625 0.054688 0.695312 0.05 0.690625 0.040625 0.689062
0 0.260938 0.679688 0.254688 0.685938 0.25625 0.690625 0.251563 0.696875 0.253125 0.698438 0.248438 0.703125 0.25 0.70625 0.246875 0.710938 0.25 0.714062 0.25 0.723438 0.246875 0.726562 0.246875 0.73125 0.267188 0.742188 0.270312 0.740625 0.275 0.745312 0.282812 0.739062 0.2875 0.74375 0.289062 0.748438 0.29375 0.748438 0.296875 0.74375 0.292188 0.739062 0.292188 0.732812 0.295312 0.729688 0.295312 0.726562 0.290625 0.723438 0.2875 0.726562 0.2875 0.73125 0.282812 0.735938 0.271875 0.723438 0.271875 0.710938 0.273438 0.709375 0.271875 0.707812 0.270312 0.689062
0 0.16875 0.673438 0.165625 0.676562 0.165625 0.682812 0.16875 0.685938 0.171875 0.685938 0.175 0.689062 0.178125 0.689062 0.18125 0.692188 0.182812 0.692188 0.185938 0.689062 0.1875 0.689062 0.189062 0.6875 0.189062 0.676562 0.1875 0.675 0.185938 0.675 0.18125 0.670312 0.178125 0.670312 0.176562 0.671875 0.175 0.671875 0.173438 0.673438 0.171875 0.671875 0.170312 0.673438
0 0.246875 0.6625 0.24375 0.665625 0.24375 0.679688 0.242188 0.68125 0.24375 0.682812 0.2375 0.689062 0.2375 0.690625 0.234375 0.69375 0.234375 0.696875 0.2375 0.7 0.2375 0.704688 0.239062 0.70625 0.240625 0.70625 0.245312 0.701562 0.245312 0.7 0.24375 0.698438 0.246875 0.695312 0.245312 0.69375 0.245312 0.692188 0.246875 0.690625 0.246875 0.6875 0.25 0.684375 0.248438 0.682812 0.248438 0.678125 0.25 0.676562 0.251563 0.671875 0.248438 0.66875 0.248438 0.664062
0 0.201562 0.596875 0.2 0.604688 0.204688 0.614062 0.203125 0.61875 0.204688 0.626562 0.2125 0.632812 0.21875 0.626562 0.223438 0.626562 0.23125 0.634375 0.225 0.642188 0.209375 0.651562 0.210938 0.657812 0.223438 0.657812 0.23125 0.642188 0.229688 0.640625 0.234375 0.635938 0.242188 0.634375 0.245312 0.6375 0.248438 0.632812 0.239062 0.623438 0.240625 0.621875 0.2375 0.61875 0.240625 0.615625 0.228125 0.6 0.221875 0.601562 0.225 0.61875 0.217188 0.625 0.210938 0.61875 0.214062 0.610938 0.207812 0.609375 0.203125 0.604688 0.204688 0.6
0 0.084375 0.525 0.082812 0.526562 0.082812 0.528125 0.084375 0.529688 0.084375 0.532812 0.082812 0.534375 0.084375 0.535938 0.084375 0.546875 0.0875 0.55 0.0875 0.559375 0.089062 0.560938 0.0875 0.5625 0.0875 0.571875 0.089062 0.573438 0.09375 0.573438 0.095312 0.571875 0.095312 0.559375 0.096875 0.557812 0.095312 0.55625 0.095312 0.551562 0.090625 0.546875 0.090625 0.545312 0.089062 0.54375 0.089062 0.535938 0.090625 0.534375 0.090625 0.532812 0.089062 0.53125 0.089062 0.529688
0 0.032812 0.175 0.032812 0.421875 0.082812 0.420312 0.032812 0.451562 0.032812 0.529688 0.101562 0.471875 0.114062 0.576562 0.171875 0.553125 0.165625 0.510938 0.246875 0.621875 0.3 0.621875 0.307812 0.698438 0.309375 0.657812 0.38125 0.678125 0.4125 0.828125 0.357812 0.803125 0.345312 0.846875 0.739062 0.848438 0.739062 0.7875 0.775 0.821875 0.810938 0.779688 0.789062 0.846875 0.967188 0.846875 0.964062 0.151562 0.41875 0.15 0.382812 0.19375 0.240625 0.15 0.209375 0.2125 0.28125 0.253125 0.2375 0.309375 0.223438 0.228125 0.115625 0.214062 0.101562 0.257812 0.128125 0.176562
1 0.084375 0.525 0.082812 0.526562 0.082812 0.528125 0.084375 0.529688 0.084375 0.532812 0.082812 0.534375 0.084375 0.535938 0.084375 0.546875 0.0875 0.55 0.0875 0.559375 0.089062 0.560938 0.0875 0.5625 0.0875 0.571875 0.089062 0.573438 0.09375 0.573438 0.095312 0.571875 0.095312 0.559375 0.096875 0.557812 0.095312 0.55625 0.095312 0.551562 0.090625 0.546875 0.090625 0.545312 0.089062 0.54375 0.089062 0.535938 0.090625 0.534375 0.090625 0.532812 0.089062 0.53125 0.089062 0.529688
0 0.201562 0.596875 0.2 0.604688 0.204688 0.614062 0.203125 0.61875 0.204688 0.626562 0.2125 0.632812 0.21875 0.626562 0.223438 0.626562 0.23125 0.634375 0.225 0.642188 0.209375 0.651562 0.210938 0.657812 0.223438 0.657812 0.23125 0.642188 0.229688 0.640625 0.234375 0.635938 0.242188 0.634375 0.245312 0.6375 0.248438 0.632812 0.239062 0.623438 0.240625 0.621875 0.2375 0.61875 0.240625 0.615625 0.228125 0.6 0.221875 0.601562 0.225 0.61875 0.217188 0.625 0.210938 0.61875 0.214062 0.610938 0.207812 0.609375 0.203125 0.604688 0.204688 0.6
1 0.257812 0.682812 0.254688 0.685938 0.25625 0.6875 0.25625 0.690625 0.254688 0.692188 0.254688 0.69375 0.251563 0.696875 0.253125 0.698438 0.248438 0.703125 0.248438 0.704688 0.25 0.70625 0.246875 0.709375 0.246875 0.710938 0.248438 0.7125 0.257812 0.7125
1 0.246875 0.6625 0.24375 0.665625 0.24375 0.679688 0.242188 0.68125 0.24375 0.682812 0.2375 0.689062 0.2375 0.690625 0.234375 0.69375 0.234375 0.696875 0.2375 0.7 0.2375 0.704688 0.239062 0.70625 0.240625 0.70625 0.245312 0.701562 0.245312 0.7 0.24375 0.698438 0.246875 0.695312 0.245312 0.69375 0.245312 0.692188 0.246875 0.690625 0.246875 0.6875 0.25 0.684375 0.248438 0.682812 0.248438 0.678125 0.25 0.676562 0.251563 0.671875 0.248438 0.66875 0.248438 0.664062
0 0.16875 0.673438 0.165625 0.676562 0.165625 0.682812 0.16875 0.685938 0.171875 0.685938 0.175 0.689062 0.178125 0.689062 0.18125 0.692188 0.182812 0.692188 0.185938 0.689062 0.1875 0.689062 0.189062 0.6875 0.189062 0.676562 0.1875 0.675 0.185938 0.675 0.18125 0.670312 0.178125 0.670312 0.176562 0.671875 0.175 0.671875 0.173438 0.673438 0.171875 0.671875 0.170312 0.673438
1 0.260938 0.679688 0.254688 0.685938 0.25625 0.690625 0.251563 0.696875 0.253125 0.698438 0.248438 0.703125 0.25 0.70625 0.246875 0.710938 0.25 0.714062 0.25 0.723438 0.246875 0.726562 0.246875 0.73125 0.267188 0.742188 0.270312 0.740625 0.275 0.745312 0.282812 0.739062 0.2875 0.74375 0.289062 0.748438 0.29375 0.748438 0.296875 0.74375 0.292188 0.739062 0.292188 0.732812 0.295312 0.729688 0.295312 0.726562 0.290625 0.723438 0.2875 0.726562 0.2875 0.73125 0.282812 0.735938 0.271875 0.723438 0.271875 0.710938 0.273438 0.709375 0.271875 0.707812 0.270312 0.689062
1 0.284375 0.675 0.284375 0.678125 0.285938 0.679688 0.298438 0.679688 0.303125 0.684375 0.303125 0.673438 0.285938 0.673438
1 0.251563 0.673438 0.24375 0.673438 0.24375 0.679688 0.242188 0.68125 0.24375 0.682812 0.240625 0.685938 0.240625 0.70625 0.245312 0.701562 0.245312 0.7 0.24375 0.698438 0.246875 0.695312 0.245312 0.69375 0.245312 0.692188 0.246875 0.690625 0.246875 0.6875 0.25 0.684375 0.248438 0.682812 0.248438 0.678125 0.25 0.676562 0.25 0.675
0 0.092188 0.715625 0.089062 0.715625 0.0875 0.717188 0.0875 0.726562 0.079688 0.734375 0.079688 0.735938 0.078125 0.7375 0.092188 0.7375
0 0.032812 0.69375 0.032812 0.70625 0.034375 0.707812 0.0375 0.70625 0.040625 0.709375 0.04375 0.709375 0.048438 0.70625 0.051562 0.707812 0.057812 0.701562 0.065625 0.707812 0.065625 0.710938 0.057812 0.71875 0.05625 0.717188 0.048438 0.723438 0.048438 0.729688 0.05 0.73125 0.064062 0.721875 0.067188 0.723438 0.076562 0.7125 0.070312 0.70625 0.075 0.701562 0.078125 0.704688 0.084375 0.704688 0.085938 0.703125 0.078125 0.69375 0.071875 0.695312 0.067188 0.690625 0.059375 0.690625 0.054688 0.695312 0.05 0.690625 0.040625 0.689062
0 0.134375 0.7125 0.121875 0.701562 0.11875 0.701562 0.115625 0.704688 0.115625 0.707812 0.110938 0.714062 0.1125 0.715625 0.1125 0.720312 0.107812 0.725 0.101562 0.720312 0.101562 0.717188 0.103125 0.715625 0.1 0.7125 0.096875 0.7125 0.09375 0.715625 0.089062 0.715625 0.0875 0.717188 0.0875 0.726562 0.079688 0.734375 0.078125 0.739062 0.082812 0.74375 0.085938 0.742188 0.0875 0.74375 0.09375 0.740625 0.103125 0.729688 0.107812 0.732812 0.11875 0.723438 0.125 0.723438 0.126562 0.721875 0.128125 0.723438 0.132812 0.720312 0.132812 0.714062
0 0.071875 0.695312 0.071875 0.704688 0.075 0.701562 0.078125 0.704688 0.084375 0.704688 0.085938 0.703125 0.085938 0.701562 0.079688 0.695312
1 0.3 0.785938 0.290625 0.78125 0.278125 0.79375 0.270312 0.790625 0.26875 0.796875 0.275 0.803125 0.270312 0.810938 0.207812 0.828125 0.2 0.821875 0.201562 0.828125 0.198438 0.83125 0.185938 0.834375 0.175 0.828125 0.165625 0.842188 0.157812 0.842188 0.153125 0.8375 0.1625 0.83125 0.159375 0.825 0.15 0.834375 0.151562 0.839062 0.146875 0.84375 0.160938 0.853125 0.198438 0.842188 0.210938 0.846875 0.209375 0.842188 0.220312 0.834375 0.259375 0.829688 0.270312 0.821875 0.276562 0.809375 0.2875 0.8 0.285938 0.79375
1 0.101562 0.8125 0.096875 0.820312 0.1 0.823438 0.1 0.829688 0.104688 0.834375 0.107812 0.835938 0.114062 0.835938 0.125 0.845312 0.129688 0.842188 0.132812 0.842188 0.135938 0.839062 0.1375 0.840625 0.140625 0.840625 0.142188 0.839062 0.139062 0.832812 0.145312 0.826562 0.14375 0.825 0.134375 0.825 0.129688 0.820312 0.129688 0.817188 0.128125 0.815625 0.128125 0.809375 0.125 0.80625 0.121875 0.809375 0.11875 0.809375 0.115625 0.8125
