1 0.639062 0.15625 0.623438 0.148438 0.601562 0.15 0.59375 0.154688 0.584375 0.154688 0.58125 0.151562 0.554688 0.171875 0.540625 0.171875 0.532812 0.18125 0.54375 0.18125 0.548438 0.176562 0.559375 0.175 0.58125 0.165625 0.585938 0.170312 0.58125 0.179688 0.584375 0.182812 0.592188 0.18125 0.6 0.189062 0.6 0.195312 0.603125 0.196875 0.604688 0.1875 0.59375 0.179688 0.589062 0.173438 0.590625 0.170312 0.585938 0.165625 0.590625 0.160938 0.6 0.165625 0.6125 0.154688 0.61875 0.160938 0.63125 0.1625 0.635938 0.167188
1 0.782812 0.151562 0.779688 0.148438 0.778125 0.15 0.765625 0.15 0.764062 0.151562 0.76875 0.15625 0.764062 0.160938 0.760938 0.159375 0.759375 0.160938 0.748438 0.15 0.734375 0.151562 0.732812 0.153125 0.73125 0.151562 0.726562 0.153125 0.717188 0.151562 0.707812 0.157812 0.70625 0.160938 0.7125 0.165625 0.717188 0.164062 0.725 0.171875 0.735938 0.160938 0.745312 0.159375 0.75 0.154688 0.754688 0.159375 0.75 0.164062 0.751562 0.16875 0.75625 0.164062 0.759375 0.167188 0.76875 0.164062 0.775 0.170312 0.782812 0.1625 0.782812 0.159375 0.779688 0.15625
0 0.1375 0.151562 0.135938 0.15 0.132812 0.15 0.13125 0.151562 0.129688 0.151562 0.126562 0.154688 0.125 0.154688 0.120312 0.157812 0.11875 0.15625 0.115625 0.15625 0.1125 0.159375 0.115625 0.1625 0.104688 0.173438 0.103125 0.173438 0.1 0.176562 0.098438 0.176562 0.096875 0.178125 0.098438 0.179688 0.1 0.178125 0.107812 0.175 0.1125 0.170312 0.114062 0.170312 0.123438 0.160938 0.125 0.160938 0.128125 0.164062 0.13125 0.160938 0.129688 0.159375 0.129688 0.157812 0.134375 0.153125 0.135938 0.153125
0 0.129688 0.68125 0.129688 0.684375 0.134375 0.684375 0.15 0.698438 0.154688 0.696875 0.159375 0.701562 0.15625 0.704688 0.157812 0.717188 0.178125 0.735938 0.182812 0.746875 0.204688 0.764062 0.201562 0.770312 0.210938 0.778125 0.207812 0.782812 0.209375 0.790625 0.214062 0.784375 0.2125 0.78125 0.221875 0.771875 0.229688 0.771875 0.221875 0.760938 0.229688 0.753125 0.221875 0.748438 0.223438 0.753125 0.21875 0.757812 0.203125 0.75 0.171875 0.720312 0.178125 0.715625 0.190625 0.721875 0.196875 0.710938 0.19375 0.7 0.1875 0.695312 0.178125 0.696875 0.170312 0.692188 0.160938 0.692188 0.142188 0.68125
0 0.207812 0.625 0.209375 0.628125 0.210938 0.628125 0.215625 0.632812 0.217188 0.632812 0.223438 0.639062 0.226562 0.639062 0.240625 0.653125 0.2375 0.65625 0.242188 0.660938 0.245312 0.6625 0.251563 0.659375 0.254688 0.65625 0.251563 0.65 0.24375 0.642188 0.240625 0.642188 0.234375 0.6375 0.23125 0.6375 0.228125 0.634375 0.226562 0.634375 0.21875 0.626562 0.220312 0.623438 0.217188 0.620312
0 0.140625 0.55625 0.140625 0.560938 0.14375 0.564062 0.146875 0.564062 0.151562 0.56875 0.15 0.570312 0.153125 0.573438 0.154688 0.571875 0.15625 0.573438 0.160938 0.573438 0.164062 0.575 0.171875 0.584375 0.175 0.584375 0.178125 0.5875 0.18125 0.5875 0.182812 0.589062 0.195312 0.5875 0.196875 0.585938 0.196875 0.578125 0.195312 0.576562 0.195312 0.573438 0.185938 0.564062 0.184375 0.565625 0.18125 0.5625 0.178125 0.5625 0.176562 0.560938 0.175 0.5625 0.16875 0.5625 0.164062 0.559375 0.157812 0.559375 0.148438 0.554688 0.142188 0.554688
0 0.03125 0.457812 0.03125 0.465625 0.035938 0.470312 0.032812 0.475 0.039062 0.476562 0.04375 0.471875 0.048438 0.476562 0.045312 0.479688 0.051562 0.482812 0.082812 0.48125 0.085938 0.473438 0.098438 0.465625 0.107812 0.473438 0.115625 0.470312 0.151562 0.48125 0.15625 0.485938 0.153125 0.490625 0.160938 0.5 0.16875 0.5 0.16875 0.495312 0.176562 0.490625 0.195312 0.509375 0.201562 0.498438 0.201562 0.492188 0.19375 0.484375 0.18125 0.484375 0.14375 0.471875 0.126562 0.470312 0.115625 0.4625 0.098438 0.465625 0.084375 0.460938 0.076562 0.45 0.070312 0.448438 0.059375 0.453125 0.054688 0.45 0.05 0.457812 0.046875 0.454688 0.034375 0.454688
0 0.128125 0.410938 0.126562 0.409375 0.114062 0.425 0.10625 0.417188 0.064062 0.41875 0.059375 0.414062 0.060938 0.4125 0.059375 0.410938 0.054688 0.410938 0.053125 0.4125 0.054688 0.414062 0.05 0.41875 0.045312 0.415625 0.032812 0.423438 0.059375 0.426562 0.079688 0.425 0.084375 0.429688 0.089062 0.428125 0.09375 0.429688 0.096875 0.426562 0.101562 0.429688 0.107812 0.423438 0.1125 0.428125 0.110938 0.429688 0.1125 0.43125 0.103125 0.445312 0.104688 0.45 0.120312 0.428125
0 0.073438 0.346875 0.076562 0.35 0.082812 0.35 0.085938 0.351562 0.090625 0.35625 0.09375 0.353125 0.1 0.353125 0.101562 0.354688 0.11875 0.354688 0.120312 0.35625 0.128125 0.35625 0.13125 0.351562 0.135938 0.35625 0.1375 0.35625 0.140625 0.353125 0.1375 0.348438 0.134375 0.348438 0.129688 0.353125 0.128125 0.351562 0.125 0.353125 0.11875 0.35 0.115625 0.35 0.114062 0.351562 0.1125 0.35 0.095312 0.35 0.09375 0.348438 0.0875 0.348438 0.085938 0.346875 0.079688 0.346875 0.078125 0.345312 0.075 0.345312
0 0.154688 0.29375 0.159375 0.298438 0.20625 0.30625 0.242188 0.309375 0.279688 0.315625 0.284375 0.3125 0.284375 0.309375 0.276562 0.304688 0.267188 0.30625 0.259375 0.303125 0.240625 0.303125 0.239062 0.301562 0.234375 0.303125 0.226562 0.301562 0.220312 0.296875 0.198438 0.296875 0.196875 0.295312 0.195312 0.296875 0.16875 0.292188
0 0.264062 0.239062 0.2875 0.24375 0.3125 0.271875 0.326562 0.275 0.329688 0.267188 0.321875 0.260938 0.30625 0.260938 0.295312 0.25 0.3 0.245312 0.384375 0.251563 0.4 0.25625 0.478125 0.246875 0.4875 0.240625 0.484375 0.235938 0.465625 0.235938 0.453125 0.24375 0.43125 0.240625 0.35 0.24375 0.320312 0.2375 0.30625 0.240625 0.2875 0.234375 0.28125 0.239062
0 0.69375 0.221875 0.690625 0.215625 0.6875 0.21875 0.673438 0.217188 0.664062 0.225 0.64375 0.229688 0.634375 0.228125 0.63125 0.23125 0.58125 0.229688 0.570312 0.223438 0.565625 0.228125 0.551562 0.23125 0.535938 0.229688 0.515625 0.232812 0.567188 0.2375 0.579688 0.242188 0.582812 0.239062 0.620312 0.239062 0.660938 0.232812 0.670312 0.235938 0.675 0.23125 0.679688 0.234375 0.684375 0.229688 0.6875 0.23125
0 0.25625 0.217188 0.25 0.2125 0.245312 0.2125 0.242188 0.215625 0.2375 0.215625 0.235938 0.217188 0.225 0.217188 0.223438 0.21875 0.217188 0.21875 0.215625 0.220312 0.204688 0.220312 0.203125 0.221875 0.201562 0.220312 0.198438 0.220312 0.196875 0.221875 0.198438 0.223438 0.201562 0.223438 0.203125 0.221875 0.204688 0.223438 0.220312 0.223438 0.221875 0.221875 0.223438 0.223438 0.228125 0.223438 0.229688 0.221875 0.240625 0.220312 0.242188 0.21875 0.245312 0.21875 0.246875 0.217188 0.25 0.217188 0.253125 0.220312 0.254688 0.220312 0.25625 0.21875
0 0.510938 0.164062 0.507812 0.160938 0.504687 0.160938 0.503125 0.159375 0.496875 0.159375 0.495312 0.160938 0.49375 0.159375 0.492188 0.160938 0.482812 0.160938 0.48125 0.1625 0.476562 0.1625 0.475 0.160938 0.459375 0.160938 0.453125 0.164062 0.44375 0.1625 0.440625 0.165625 0.434375 0.165625 0.43125 0.167188 0.426562 0.171875 0.429688 0.175 0.432812 0.171875 0.435938 0.171875 0.4375 0.170312 0.445312 0.170312 0.448438 0.171875 0.45 0.170312 0.460938 0.170312 0.4625 0.16875 0.485938 0.16875 0.489062 0.171875 0.495312 0.165625 0.503125 0.165625 0.504687 0.164062 0.509375 0.165625
0 0.967188 0.151562 0.815625 0.151562 0.853125 0.184375 0.7625 0.1875 0.7625 0.275 0.709375 0.190625 0.739062 0.28125 0.353125 0.28125 0.25625 0.38125 0.284375 0.579688 0.240625 0.615625 0.303125 0.75 0.23125 0.717188 0.251563 0.83125 0.11875 0.776562 0.104688 0.648438 0.217188 0.682812 0.084375 0.615625 0.179688 0.604688 0.095312 0.55625 0.135938 0.53125 0.035938 0.515625 0.032812 0.846875 0.33125 0.851562 0.292188 0.817188 0.365625 0.820312 0.348438 0.765625 0.459375 0.826562 0.421875 0.779688 0.50625 0.754688 0.559375 0.848438 0.964062 0.848438 0.967188 0.548438 0.895312 0.504687 0.967188 0.464062 0.8875 0.478125 0.967188 0.44375 0.920312 0.420312 0.967188 0.401562
0 0.1375 0.151562 0.135938 0.15 0.132812 0.15 0.13125 0.151562 0.129688 0.151562 0.126562 0.154688 0.125 0.154688 0.120312 0.157812 0.11875 0.15625 0.115625 0.15625 0.1125 0.159375 0.115625 0.1625 0.104688 0.173438 0.103125 0.173438 0.1 0.176562 0.098438 0.176562 0.096875 0.178125 0.098438 0.179688 0.1 0.178125 0.107812 0.175 0.1125 0.170312 0.114062 0.170312 0.123438 0.160938 0.125 0.160938 0.128125 0.164062 0.13125 0.160938 0.129688 0.159375 0.129688 0.157812 0.134375 0.153125 0.135938 0.153125
0 0.782812 0.151562 0.779688 0.148438 0.778125 0.15 0.765625 0.15 0.764062 0.151562 0.76875 0.15625 0.764062 0.160938 0.760938 0.159375 0.759375 0.160938 0.748438 0.15 0.734375 0.151562 0.732812 0.153125 0.73125 0.151562 0.726562 0.153125 0.717188 0.151562 0.707812 0.157812 0.70625 0.160938 0.7125 0.165625 0.717188 0.164062 0.725 0.171875 0.735938 0.160938 0.745312 0.159375 0.75 0.154688 0.754688 0.159375 0.75 0.164062 0.751562 0.16875 0.75625 0.164062 0.759375 0.167188 0.76875 0.164062 0.775 0.170312 0.782812 0.1625 0.782812 0.159375 0.779688 0.15625
0 0.639062 0.15625 0.623438 0.148438 0.601562 0.15 0.59375 0.154688 0.584375 0.154688 0.58125 0.151562 0.554688 0.171875 0.540625 0.171875 0.532812 0.18125 0.54375 0.18125 0.548438 0.176562 0.559375 0.175 0.58125 0.165625 0.585938 0.170312 0.58125 0.179688 0.584375 0.182812 0.592188 0.18125 0.6 0.189062 0.6 0.195312 0.603125 0.196875 0.604688 0.1875 0.59375 0.179688 0.589062 0.173438 0.590625 0.170312 0.585938 0.165625 0.590625 0.160938 0.6 0.165625 0.6125 0.154688 0.61875 0.160938 0.63125 0.1625 0.635938 0.167188
1 0.510938 0.164062 0.507812 0.160938 0.504687 0.160938 0.503125 0.159375 0.496875 0.159375 0.495312 0.160938 0.49375 0.159375 0.492188 0.160938 0.482812 0.160938 0.48125 0.1625 0.476562 0.1625 0.475 0.160938 0.459375 0.160938 0.453125 0.164062 0.44375 0.1625 0.440625 0.165625 0.434375 0.165625 0.43125 0.167188 0.426562 0.171875 0.429688 0.175 0.432812 0.171875 0.435938 0.171875 0.4375 0.170312 0.445312 0.170312 0.448438 0.171875 0.45 0.170312 0.460938 0.170312 0.4625 0.16875 0.485938 0.16875 0.489062 0.171875 0.495312 0.165625 0.503125 0.165625 0.504687 0.164062 0.509375 0.165625
0 0.25625 0.217188 0.25 0.2125 0.245312 0.2125 0.242188 0.215625 0.2375 0.215625 0.235938 0.217188 0.225 0.217188 0.223438 0.21875 0.217188 0.21875 0.215625 0.220312 0.204688 0.220312 0.203125 0.221875 0.201562 0.220312 0.198438 0.220312 0.196875 0.221875 0.198438 0.223438 0.201562 0.223438 0.203125 0.221875 0.204688 0.223438 0.220312 0.223438 0.221875 0.221875 0.223438 0.223438 0.228125 0.223438 0.229688 0.221875 0.240625 0.220312 0.242188 0.21875 0.245312 0.21875 0.246875 0.217188 0.25 0.217188 0.253125 0.220312 0.254688 0.220312 0.25625 0.21875
1 0.69375 0.221875 0.690625 0.215625 0.6875 0.21875 0.673438 0.217188 0.664062 0.225 0.64375 0.229688 0.634375 0.228125 0.63125 0.23125 0.58125 0.229688 0.570312 0.223438 0.565625 0.228125 0.551562 0.23125 0.535938 0.229688 0.515625 0.232812 0.567188 0.2375 0.579688 0.242188 0.582812 0.239062 0.620312 0.239062 0.660938 0.232812 0.670312 0.235938 0.675 0.23125 0.679688 0.234375 0.684375 0.229688 0.6875 0.23125
0 0.384375 0.279688 0.382812 0.278125 0.382812 0.276562 0.38125 0.275 0.38125 0.271875 0.378125 0.26875 0.375 0.26875 0.367188 0.276562 0.365625 0.276562 0.3625 0.273438 0.360938 0.275 0.360938 0.276562 0.3625 0.278125 0.3625 0.279688 0.360938 0.28125 0.384375 0.28125
0 0.264062 0.239062 0.2875 0.24375 0.3125 0.271875 0.326562 0.275 0.329688 0.267188 0.321875 0.260938 0.30625 0.260938 0.295312 0.25 0.3 0.245312 0.384375 0.251563 0.4 0.25625 0.478125 0.246875 0.4875 0.240625 0.484375 0.235938 0.465625 0.235938 0.453125 0.24375 0.43125 0.240625 0.35 0.24375 0.320312 0.2375 0.30625 0.240625 0.2875 0.234375 0.28125 0.239062
1 0.154688 0.29375 0.159375 0.298438 0.20625 0.30625 0.242188 0.309375 0.279688 0.315625 0.284375 0.3125 0.284375 0.309375 0.276562 0.304688 0.267188 0.30625 0.259375 0.303125 0.240625 0.303125 0.239062 0.301562 0.234375 0.303125 0.226562 0.301562 0.220312 0.296875 0.198438 0.296875 0.196875 0.295312 0.195312 0.296875 0.16875 0.292188
1 0.073438 0.346875 0.076562 0.35 0.082812 0.35 0.085938 0.351562 0.090625 0.35625 0.09375 0.353125 0.1 0.353125 0.101562 0.354688 0.11875 0.354688 0.120312 0.35625 0.128125 0.35625 0.13125 0.351562 0.135938 0.35625 0.1375 0.35625 0.140625 0.353125 0.1375 0.348438 0.134375 0.348438 0.129688 0.353125 0.128125 0.351562 0.125 0.353125 0.11875 0.35 0.115625 0.35 0.114062 0.351562 0.1125 0.35 0.095312 0.35 0.09375 0.348438 0.0875 0.348438 0.085938 0.346875 0.079688 0.346875 0.078125 0.345312 0.075 0.345312
1 0.051562 0.45625 0.079688 0.45625 0.08125 0.454688 0.076562 0.45 0.075 0.45 0.073438 0.451562 0.070312 0.448438 0.065625 0.448438 0.064062 0.45 0.0625 0.45 0.059375 0.453125 0.05625 0.45 0.054688 0.45 0.053125 0.451562 0.054688 0.453125
1 0.128125 0.410938 0.126562 0.409375 0.114062 0.425 0.10625 0.417188 0.064062 0.41875 0.059375 0.414062 0.060938 0.4125 0.059375 0.410938 0.054688 0.410938 0.053125 0.4125 0.054688 0.414062 0.05 0.41875 0.045312 0.415625 0.032812 0.423438 0.059375 0.426562 0.079688 0.425 0.084375 0.429688 0.089062 0.428125 0.09375 0.429688 0.096875 0.426562 0.101562 0.429688 0.107812 0.423438 0.1125 0.428125 0.110938 0.429688 0.1125 0.43125 0.103125 0.445312 0.104688 0.45 0.120312 0.428125
1 0.03125 0.457812 0.03125 0.465625 0.035938 0.470312 0.032812 0.475 0.039062 0.476562 0.04375 0.471875 0.048438 0.476562 0.045312 0.479688 0.051562 0.482812 0.082812 0.48125 0.085938 0.473438 0.098438 0.465625 0.107812 0.473438 0.115625 0.470312 0.151562 0.48125 0.15625 0.485938 0.153125 0.490625 0.160938 0.5 0.16875 0.5 0.16875 0.495312 0.176562 0.490625 0.195312 0.509375 0.201562 0.498438 0.201562 0.492188 0.19375 0.484375 0.18125 0.484375 0.14375 0.471875 0.126562 0.470312 0.115625 0.4625 0.098438 0.465625 0.084375 0.460938 0.076562 0.45 0.070312 0.448438 0.059375 0.453125 0.054688 0.45 0.05 0.457812 0.046875 0.454688 0.034375 0.454688
1 0.140625 0.55625 0.140625 0.560938 0.14375 0.564062 0.146875 0.564062 0.151562 0.56875 0.15 0.570312 0.153125 0.573438 0.154688 0.571875 0.15625 0.573438 0.160938 0.573438 0.164062 0.575 0.171875 0.584375 0.175 0.584375 0.178125 0.5875 0.18125 0.5875 0.182812 0.589062 0.195312 0.5875 0.196875 0.585938 0.196875 0.578125 0.195312 0.576562 0.195312 0.573438 0.185938 0.564062 0.184375 0.565625 0.18125 0.5625 0.178125 0.5625 0.176562 0.560938 0.175 0.5625 0.16875 0.5625 0.164062 0.559375 0.157812 0.559375 0.148438 0.554688 0.142188 0.554688
0 0.207812 0.625 0.209375 0.628125 0.210938 0.628125 0.215625 0.632812 0.217188 0.632812 0.223438 0.639062 0.226562 0.639062 0.240625 0.653125 0.2375 0.65625 0.242188 0.660938 0.245312 0.6625 0.251563 0.659375 0.254688 0.65625 0.251563 0.65 0.24375 0.642188 0.240625 0.642188 0.234375 0.6375 0.23125 0.6375 0.228125 0.634375 0.226562 0.634375 0.21875 0.626562 0.220312 0.623438 0.217188 0.620312
0 0.242188 0.614062 0.240625 0.615625 0.245312 0.620312 0.245312 0.621875 0.248438 0.625 0.25 0.629688 0.253125 0.632812 0.253125 0.635938 0.254688 0.6375 0.254688 0.639062 0.257812 0.642188 0.257812 0.64375 0.259375 0.645312 0.260938 0.65 0.260938 0.642188 0.259375 0.640625 0.259375 0.639062 0.260938 0.6375 0.260938 0.621875 0.257812 0.625 0.253125 0.620312 0.251563 0.621875 0.246875 0.617188 0.246875 0.615625 0.245312 0.614062
0 0.125 0.770312 0.129688 0.775 0.129688 0.776562 0.125 0.78125 0.121875 0.779688 0.121875 0.782812 0.126562 0.7875 0.126562 0.789062 0.121875 0.79375 0.121875 0.796875 0.170312 0.796875 0.170312 0.792188 0.165625 0.785938 0.1625 0.784375 0.148438 0.784375 0.145312 0.78125 0.140625 0.78125 0.1375 0.779688 0.126562 0.76875
0 0.121875 0.7 0.121875 0.729688 0.125 0.726562 0.129688 0.73125 0.132812 0.728125 0.132812 0.725 0.134375 0.723438 0.134375 0.721875 0.132812 0.720312 0.139062 0.714062 0.139062 0.710938 0.1375 0.709375 0.134375 0.709375 0.132812 0.710938 0.125 0.703125 0.126562 0.701562 0.125 0.7 0.123438 0.701562
0 0.129688 0.68125 0.129688 0.684375 0.134375 0.684375 0.15 0.698438 0.154688 0.696875 0.159375 0.701562 0.15625 0.704688 0.157812 0.717188 0.178125 0.735938 0.182812 0.746875 0.204688 0.764062 0.201562 0.770312 0.210938 0.778125 0.207812 0.782812 0.209375 0.790625 0.214062 0.784375 0.2125 0.78125 0.221875 0.771875 0.229688 0.771875 0.221875 0.760938 0.229688 0.753125 0.221875 0.748438 0.223438 0.753125 0.21875 0.757812 0.203125 0.75 0.171875 0.720312 0.178125 0.715625 0.190625 0.721875 0.196875 0.710938 0.19375 0.7 0.1875 0.695312 0.178125 0.696875 0.170312 0.692188 0.160938 0.692188 0.142188 0.68125
0 0.1875 0.675 0.190625 0.678125 0.190625 0.68125 0.192188 0.682812 0.195312 0.682812 0.2 0.6875 0.2 0.692188 0.203125 0.695312 0.204688 0.695312 0.20625 0.696875 0.210938 0.696875 0.2125 0.695312 0.214062 0.695312 0.217188 0.692188 0.217188 0.682812 0.215625 0.68125 0.215625 0.678125 0.2125 0.675
