1 0.160938 0.784375 0.157812 0.784375 0.154688 0.7875 0.15 0.7875 0.14375 0.795312 0.14375 0.8 0.159375 0.814062 0.160938 0.817188 0.159375 0.820312 0.151562 0.826562 0.140625 0.81875 0.139062 0.820312 0.1375 0.81875 0.13125 0.823438 0.132812 0.826562 0.125 0.832812 0.125 0.835938 0.129688 0.8375 0.1375 0.846875 0.145312 0.845312 0.146875 0.84375 0.145312 0.842188 0.151562 0.835938 0.15625 0.840625 0.167188 0.83125 0.164062 0.828125 0.165625 0.823438 0.1625 0.81875 0.176562 0.804688 0.176562 0.801562 0.167188 0.789062
1 0.085938 0.784375 0.084375 0.784375 0.075 0.79375 0.073438 0.79375 0.06875 0.789062 0.071875 0.785938 0.067188 0.78125 0.059375 0.789062 0.059375 0.795312 0.053125 0.801562 0.05625 0.804688 0.05625 0.810938 0.059375 0.814062 0.060938 0.814062 0.064062 0.810938 0.064062 0.809375 0.070312 0.803125 0.070312 0.801562 0.075 0.796875 0.076562 0.796875 0.078125 0.798438 0.082812 0.798438 0.084375 0.8 0.0875 0.796875 0.0875 0.795312 0.085938 0.79375 0.0875 0.792188 0.0875 0.785938
1 0.059375 0.7 0.057812 0.701562 0.05625 0.7 0.035938 0.7 0.034375 0.701562 0.034375 0.721875 0.035938 0.723438 0.039062 0.723438 0.042188 0.726562 0.04375 0.726562 0.045312 0.725 0.045312 0.723438 0.054688 0.714062 0.054688 0.7125 0.053125 0.710938 0.053125 0.709375 0.060938 0.701562
1 0.146875 0.695312 0.142188 0.7 0.142188 0.703125 0.14375 0.704688 0.14375 0.710938 0.146875 0.714062 0.153125 0.714062 0.159375 0.720312 0.1625 0.720312 0.164062 0.71875 0.164062 0.710938 0.165625 0.709375 0.165625 0.701562 0.1625 0.698438 0.159375 0.698438 0.15625 0.695312 0.154688 0.695312 0.153125 0.69375 0.151562 0.695312 0.15 0.69375 0.148438 0.695312
1 0.146875 0.575 0.14375 0.578125 0.14375 0.584375 0.1375 0.590625 0.1375 0.596875 0.139062 0.598438 0.142188 0.598438 0.14375 0.6 0.145312 0.598438 0.146875 0.6 0.148438 0.598438 0.151562 0.598438 0.15625 0.603125 0.157812 0.603125 0.159375 0.604688 0.1625 0.6 0.1625 0.589062 0.160938 0.5875 0.160938 0.576562 0.159375 0.575 0.157812 0.576562 0.15625 0.575
1 0.035938 0.576562 0.034375 0.578125 0.034375 0.582812 0.032812 0.584375 0.032812 0.589062 0.034375 0.590625 0.035938 0.589062 0.039062 0.589062 0.04375 0.59375 0.040625 0.596875 0.04375 0.6 0.04375 0.601562 0.046875 0.604688 0.048438 0.603125 0.05 0.604688 0.051562 0.603125 0.05 0.601562 0.051562 0.6 0.048438 0.596875 0.048438 0.595312 0.054688 0.589062 0.054688 0.5875 0.053125 0.585938 0.05625 0.582812 0.054688 0.58125 0.053125 0.58125 0.046875 0.575 0.040625 0.58125
1 0.2875 0.523438 0.285938 0.525 0.279688 0.525 0.278125 0.526562 0.28125 0.529688 0.28125 0.534375 0.275 0.540625 0.271875 0.540625 0.270312 0.542188 0.26875 0.540625 0.267188 0.542188 0.264062 0.542188 0.260938 0.54375 0.253125 0.551562 0.253125 0.559375 0.25625 0.564062 0.25625 0.56875 0.259375 0.571875 0.265625 0.565625 0.26875 0.567188 0.273438 0.567188 0.276562 0.564062 0.278125 0.564062 0.28125 0.567188 0.285938 0.560938 0.285938 0.557812 0.284375 0.55625 0.285938 0.554688 0.285938 0.551562 0.289062 0.548438 0.289062 0.53125 0.290625 0.529688 0.290625 0.526562
1 0.745312 0.515625 0.740625 0.523438 0.740625 0.529688 0.742188 0.53125 0.746875 0.53125 0.751562 0.526562 0.757812 0.526562 0.764062 0.532812 0.764062 0.534375 0.765625 0.535938 0.765625 0.540625 0.76875 0.54375 0.771875 0.539062 0.771875 0.535938 0.773438 0.534375 0.773438 0.532812 0.776562 0.529688 0.776562 0.526562 0.773438 0.523438 0.773438 0.517188 0.7625 0.510938 0.759375 0.510938 0.757812 0.5125 0.753125 0.5125 0.751562 0.514062 0.748438 0.514062 0.746875 0.515625
1 0.821875 0.484375 0.815625 0.490625 0.815625 0.496875 0.817188 0.498438 0.825 0.498438 0.83125 0.504687 0.83125 0.514062 0.834375 0.517188 0.834375 0.520312 0.829688 0.525 0.826562 0.525 0.825 0.528125 0.829688 0.529688 0.832812 0.526562 0.8375 0.526562 0.857812 0.548438 0.859375 0.546875 0.860938 0.548438 0.864062 0.545312 0.864062 0.539062 0.867188 0.535938 0.867188 0.526562 0.8625 0.525 0.857812 0.520312 0.857812 0.501562 0.8375 0.484375
1 0.114062 0.478125 0.1125 0.476562 0.107812 0.476562 0.10625 0.478125 0.10625 0.48125 0.104688 0.482812 0.10625 0.485938 0.10625 0.495312 0.101562 0.5 0.096875 0.496875 0.0875 0.50625 0.084375 0.50625 0.082812 0.507812 0.08125 0.50625 0.079688 0.507812 0.078125 0.50625 0.071875 0.510938 0.070312 0.509375 0.065625 0.509375 0.060938 0.50625 0.05625 0.5125 0.057812 0.514062 0.060938 0.514062 0.0625 0.5125 0.067188 0.5125 0.06875 0.514062 0.073438 0.510938 0.076562 0.514062 0.08125 0.514062 0.084375 0.517188 0.089062 0.514062 0.09375 0.514062 0.098438 0.510938 0.1 0.5125 0.104688 0.507812 0.110938 0.504687 0.114062 0.5
1 0.884375 0.43125 0.879688 0.43125 0.876562 0.434375 0.875 0.434375 0.86875 0.440625 0.86875 0.451562 0.871875 0.454688 0.871875 0.45625 0.870312 0.457812 0.870312 0.459375 0.871875 0.460938 0.871875 0.464062 0.86875 0.46875 0.86875 0.470312 0.870312 0.471875 0.873438 0.471875 0.878125 0.467188 0.879688 0.467188 0.88125 0.46875 0.885938 0.46875 0.8875 0.467188 0.892188 0.467188 0.895312 0.464062 0.895312 0.453125 0.896875 0.451562 0.895312 0.45 0.892188 0.45 0.8875 0.445312 0.889062 0.44375 0.889062 0.440625 0.885938 0.4375 0.885938 0.432812
1 0.365625 0.342188 0.35625 0.392188 0.3375 0.404688 0.354688 0.44375 0.353125 0.490625 0.3375 0.503125 0.348438 0.545312 0.4125 0.564062 0.425 0.576562 0.475 0.573438 0.529688 0.604688 0.584375 0.617188 0.634375 0.60625 0.671875 0.554688 0.6875 0.55 0.690625 0.517188 0.676562 0.4875 0.684375 0.476562 0.651562 0.454688 0.646875 0.440625 0.621875 0.432812 0.615625 0.398438 0.585938 0.3875 0.559375 0.35625 0.490625 0.320312 0.471875 0.3375 0.428125 0.3375 0.41875 0.326562 0.4 0.326562
1 0.535938 0.29375 0.534375 0.295312 0.534375 0.298438 0.535938 0.3 0.535938 0.303125 0.5375 0.304688 0.5375 0.30625 0.534375 0.309375 0.534375 0.3125 0.53125 0.315625 0.53125 0.321875 0.532812 0.323438 0.535938 0.323438 0.5375 0.321875 0.5375 0.31875 0.542188 0.314062 0.54375 0.314062 0.55 0.320312 0.55 0.323438 0.553125 0.326562 0.553125 0.328125 0.554688 0.329688 0.55625 0.329688 0.560938 0.323438 0.560938 0.31875 0.557812 0.315625 0.557812 0.310938 0.55625 0.309375 0.553125 0.309375 0.546875 0.303125 0.546875 0.301562 0.551562 0.296875 0.551562 0.295312 0.55 0.29375 0.548438 0.295312 0.546875 0.295312 0.545312 0.29375
1 0.451562 0.2 0.45 0.201562 0.45 0.220312 0.451562 0.221875 0.460938 0.221875 0.464062 0.21875 0.464062 0.209375 0.454688 0.2
1 0.023438 0.145312 0.029688 0.857812 0.965625 0.85625 0.03125 0.854688 0.032812 0.14375 0.867188 0.14375 0.685938 0.176562 0.839062 0.171875 0.93125 0.3 0.8375 0.626562 0.903125 0.635938 0.748438 0.825 0.753125 0.710938 0.682812 0.76875 0.779688 0.85 0.965625 0.845312 0.967188 0.142188 0.973438 0.85 0.96875 0.142188
1 0.451562 0.2 0.45 0.201562 0.45 0.220312 0.451562 0.221875 0.460938 0.221875 0.464062 0.21875 0.464062 0.209375 0.454688 0.2
1 0.535938 0.29375 0.534375 0.295312 0.534375 0.298438 0.535938 0.3 0.535938 0.303125 0.5375 0.304688 0.5375 0.30625 0.534375 0.309375 0.534375 0.3125 0.53125 0.315625 0.53125 0.321875 0.532812 0.323438 0.535938 0.323438 0.5375 0.321875 0.5375 0.31875 0.542188 0.314062 0.54375 0.314062 0.55 0.320312 0.55 0.323438 0.553125 0.326562 0.553125 0.328125 0.554688 0.329688 0.55625 0.329688 0.560938 0.323438 0.560938 0.31875 0.557812 0.315625 0.557812 0.310938 0.55625 0.309375 0.553125 0.309375 0.546875 0.303125 0.546875 0.301562 0.551562 0.296875 0.551562 0.295312 0.55 0.29375 0.548438 0.295312 0.546875 0.295312 0.545312 0.29375
1 0.365625 0.342188 0.35625 0.392188 0.3375 0.404688 0.354688 0.44375 0.353125 0.490625 0.3375 0.503125 0.348438 0.545312 0.4125 0.564062 0.425 0.576562 0.475 0.573438 0.529688 0.604688 0.584375 0.617188 0.634375 0.60625 0.671875 0.554688 0.6875 0.55 0.690625 0.517188 0.676562 0.4875 0.684375 0.476562 0.651562 0.454688 0.646875 0.440625 0.621875 0.432812 0.615625 0.398438 0.585938 0.3875 0.559375 0.35625 0.490625 0.320312 0.471875 0.3375 0.428125 0.3375 0.41875 0.326562 0.4 0.326562
1 0.53125 0.315625 0.53125 0.321875 0.532812 0.323438 0.535938 0.323438 0.5375 0.321875 0.5375 0.31875 0.542188 0.314062 0.54375 0.314062 0.55 0.320312 0.55 0.323438 0.553125 0.326562 0.553125 0.328125 0.554688 0.329688 0.55625 0.329688 0.557812 0.328125 0.557812 0.326562 0.560938 0.323438 0.560938 0.31875 0.557812 0.315625 0.557812 0.314062 0.532812 0.314062
1 0.884375 0.43125 0.879688 0.43125 0.876562 0.434375 0.875 0.434375 0.86875 0.440625 0.86875 0.451562 0.871875 0.454688 0.871875 0.45625 0.870312 0.457812 0.870312 0.459375 0.871875 0.460938 0.871875 0.464062 0.86875 0.46875 0.86875 0.470312 0.870312 0.471875 0.873438 0.471875 0.878125 0.467188 0.879688 0.467188 0.88125 0.46875 0.885938 0.46875 0.8875 0.467188 0.892188 0.467188 0.895312 0.464062 0.895312 0.453125 0.896875 0.451562 0.895312 0.45 0.892188 0.45 0.8875 0.445312 0.889062 0.44375 0.889062 0.440625 0.885938 0.4375 0.885938 0.432812
1 0.114062 0.478125 0.1125 0.476562 0.107812 0.476562 0.10625 0.478125 0.10625 0.48125 0.104688 0.482812 0.10625 0.485938 0.10625 0.495312 0.101562 0.5 0.096875 0.496875 0.0875 0.50625 0.084375 0.50625 0.082812 0.507812 0.08125 0.50625 0.079688 0.507812 0.078125 0.50625 0.071875 0.510938 0.070312 0.509375 0.065625 0.509375 0.060938 0.50625 0.05625 0.5125 0.057812 0.514062 0.060938 0.514062 0.0625 0.5125 0.067188 0.5125 0.06875 0.514062 0.073438 0.510938 0.076562 0.514062 0.08125 0.514062 0.084375 0.517188 0.089062 0.514062 0.09375 0.514062 0.098438 0.510938 0.1 0.5125 0.104688 0.507812 0.110938 0.504687 0.114062 0.5
1 0.821875 0.484375 0.815625 0.490625 0.815625 0.496875 0.817188 0.498438 0.825 0.498438 0.83125 0.504687 0.83125 0.514062 0.834375 0.517188 0.834375 0.520312 0.829688 0.525 0.826562 0.525 0.825 0.528125 0.829688 0.529688 0.832812 0.526562 0.8375 0.526562 0.857812 0.548438 0.859375 0.546875 0.860938 0.548438 0.864062 0.545312 0.864062 0.539062 0.867188 0.535938 0.867188 0.526562 0.8625 0.525 0.857812 0.520312 0.857812 0.501562 0.8375 0.484375
1 0.745312 0.515625 0.740625 0.523438 0.740625 0.529688 0.742188 0.53125 0.746875 0.53125 0.751562 0.526562 0.757812 0.526562 0.764062 0.532812 0.764062 0.534375 0.765625 0.535938 0.765625 0.540625 0.76875 0.54375 0.771875 0.539062 0.771875 0.535938 0.773438 0.534375 0.773438 0.532812 0.776562 0.529688 0.776562 0.526562 0.773438 0.523438 0.773438 0.517188 0.7625 0.510938 0.759375 0.510938 0.757812 0.5125 0.753125 0.5125 0.751562 0.514062 0.748438 0.514062 0.746875 0.515625
1 0.2875 0.523438 0.285938 0.525 0.279688 0.525 0.278125 0.526562 0.28125 0.529688 0.28125 0.534375 0.275 0.540625 0.271875 0.540625 0.270312 0.542188 0.26875 0.540625 0.267188 0.542188 0.264062 0.542188 0.260938 0.54375 0.253125 0.551562 0.253125 0.559375 0.25625 0.564062 0.25625 0.56875 0.259375 0.571875 0.265625 0.565625 0.26875 0.567188 0.273438 0.567188 0.276562 0.564062 0.278125 0.564062 0.28125 0.567188 0.285938 0.560938 0.285938 0.557812 0.284375 0.55625 0.285938 0.554688 0.285938 0.551562 0.289062 0.548438 0.289062 0.53125 0.290625 0.529688 0.290625 0.526562
0 0.035938 0.576562 0.034375 0.578125 0.034375 0.582812 0.032812 0.584375 0.032812 0.589062 0.034375 0.590625 0.035938 0.589062 0.039062 0.589062 0.04375 0.59375 0.040625 0.596875 0.04375 0.6 0.04375 0.601562 0.046875 0.604688 0.048438 0.603125 0.05 0.604688 0.051562 0.603125 0.05 0.601562 0.051562 0.6 0.048438 0.596875 0.048438 0.595312 0.054688 0.589062 0.054688 0.5875 0.053125 0.585938 0.05625 0.582812 0.054688 0.58125 0.053125 0.58125 0.046875 0.575 0.040625 0.58125
1 0.146875 0.575 0.14375 0.578125 0.14375 0.584375 0.1375 0.590625 0.1375 0.596875 0.139062 0.598438 0.142188 0.598438 0.14375 0.6 0.145312 0.598438 0.146875 0.6 0.148438 0.598438 0.151562 0.598438 0.15625 0.603125 0.157812 0.603125 0.159375 0.604688 0.1625 0.6 0.1625 0.589062 0.160938 0.5875 0.160938 0.576562 0.159375 0.575 0.157812 0.576562 0.15625 0.575
1 0.146875 0.695312 0.142188 0.7 0.142188 0.703125 0.14375 0.704688 0.14375 0.710938 0.146875 0.714062 0.153125 0.714062 0.159375 0.720312 0.1625 0.720312 0.164062 0.71875 0.164062 0.710938 0.165625 0.709375 0.165625 0.701562 0.1625 0.698438 0.159375 0.698438 0.15625 0.695312 0.154688 0.695312 0.153125 0.69375 0.151562 0.695312 0.15 0.69375 0.148438 0.695312
0 0.059375 0.7 0.057812 0.701562 0.05625 0.7 0.035938 0.7 0.034375 0.701562 0.034375 0.721875 0.035938 0.723438 0.039062 0.723438 0.042188 0.726562 0.04375 0.726562 0.045312 0.725 0.045312 0.723438 0.054688 0.714062 0.054688 0.7125 0.053125 0.710938 0.053125 0.709375 0.060938 0.701562
1 0.085938 0.784375 0.084375 0.784375 0.075 0.79375 0.073438 0.79375 0.06875 0.789062 0.071875 0.785938 0.067188 0.78125 0.059375 0.789062 0.059375 0.795312 0.053125 0.801562 0.05625 0.804688 0.05625 0.810938 0.059375 0.814062 0.060938 0.814062 0.064062 0.810938 0.064062 0.809375 0.070312 0.803125 0.070312 0.801562 0.075 0.796875 0.076562 0.796875 0.078125 0.798438 0.082812 0.798438 0.084375 0.8 0.0875 0.796875 0.0875 0.795312 0.085938 0.79375 0.0875 0.792188 0.0875 0.785938
1 0.160938 0.784375 0.157812 0.784375 0.154688 0.7875 0.15 0.7875 0.14375 0.795312 0.14375 0.8 0.159375 0.814062 0.160938 0.817188 0.159375 0.820312 0.151562 0.826562 0.140625 0.81875 0.139062 0.820312 0.1375 0.81875 0.13125 0.823438 0.132812 0.826562 0.125 0.832812 0.125 0.835938 0.129688 0.8375 0.1375 0.846875 0.145312 0.845312 0.146875 0.84375 0.145312 0.842188 0.151562 0.835938 0.15625 0.840625 0.167188 0.83125 0.164062 0.828125 0.165625 0.823438 0.1625 0.81875 0.176562 0.804688 0.176562 0.801562 0.167188 0.789062
