1 0.285938 0.842188 0.285938 0.839062 0.28125 0.834375 0.278125 0.8375 0.276562 0.8375 0.271875 0.832812 0.270312 0.834375 0.26875 0.832812 0.267188 0.834375 0.259375 0.834375 0.257812 0.835938 0.25625 0.835938 0.254688 0.834375 0.251563 0.834375 0.25 0.835938 0.25 0.840625 0.251563 0.842188 0.254688 0.842188 0.257812 0.839062 0.259375 0.839062 0.2625 0.842188 0.278125 0.842188 0.28125 0.845312 0.282812 0.845312
1 0.479688 0.760938 0.478125 0.759375 0.473438 0.760938 0.46875 0.75625 0.464062 0.75625 0.4625 0.757812 0.45625 0.75625 0.453125 0.759375 0.45 0.759375 0.446875 0.7625 0.4375 0.7625 0.435938 0.760938 0.434375 0.7625 0.434375 0.767188 0.43125 0.770312 0.43125 0.771875 0.435938 0.776562 0.432812 0.779688 0.435938 0.782812 0.446875 0.779688 0.448438 0.778125 0.448438 0.773438 0.453125 0.76875 0.45625 0.771875 0.460938 0.771875 0.464062 0.773438 0.470312 0.779688 0.473438 0.776562 0.476562 0.776562 0.479688 0.771875 0.479688 0.765625 0.478125 0.764062
1 0.321875 0.771875 0.307812 0.759375 0.278125 0.757812 0.260938 0.7625 0.251563 0.75625 0.248438 0.759375 0.240625 0.757812 0.232812 0.7625 0.226562 0.757812 0.214062 0.770312 0.21875 0.78125 0.209375 0.7875 0.2125 0.820312 0.20625 0.826562 0.20625 0.832812 0.210938 0.835938 0.221875 0.823438 0.23125 0.823438 0.239062 0.817188 0.251563 0.814062 0.257812 0.817188 0.264062 0.814062 0.270312 0.817188 0.278125 0.814062 0.284375 0.815625 0.2875 0.8125 0.303125 0.810938 0.307812 0.80625 0.31875 0.803125 0.326562 0.795312 0.323438 0.792188 0.326562 0.7875 0.320312 0.78125
1 0.378125 0.751562 0.378125 0.754688 0.382812 0.759375 0.384375 0.759375 0.389062 0.764062 0.390625 0.7625 0.392188 0.7625 0.39375 0.760938 0.395312 0.760938 0.398438 0.764062 0.403125 0.759375 0.403125 0.757812 0.404688 0.75625 0.404688 0.751562 0.403125 0.75 0.401562 0.75 0.4 0.748438 0.395312 0.748438 0.39375 0.746875 0.390625 0.746875 0.389062 0.745312 0.3875 0.746875 0.385938 0.746875 0.384375 0.748438 0.382812 0.748438 0.38125 0.75 0.379688 0.75
1 0.573438 0.742188 0.571875 0.742188 0.570312 0.740625 0.567188 0.740625 0.564062 0.74375 0.559375 0.74375 0.55 0.753125 0.55 0.754688 0.548438 0.75625 0.55 0.757812 0.546875 0.760938 0.55 0.764062 0.55 0.767188 0.553125 0.770312 0.560938 0.770312 0.5625 0.76875 0.567188 0.767188 0.578125 0.757812 0.571875 0.751562 0.571875 0.75 0.575 0.746875 0.575 0.74375
1 0.884375 0.725 0.88125 0.726562 0.890625 0.734375 0.86875 0.751562 0.871875 0.759375 0.884375 0.767188 0.88125 0.78125 0.884375 0.795312 0.879688 0.8 0.876562 0.796875 0.848438 0.8 0.839062 0.821875 0.848438 0.821875 0.853125 0.826562 0.853125 0.839062 0.8625 0.848438 0.90625 0.846875 0.914062 0.835938 0.914062 0.83125 0.904688 0.821875 0.884375 0.825 0.879688 0.820312 0.879688 0.815625 0.889062 0.810938 0.882812 0.801562 0.896875 0.79375 0.904688 0.795312 0.904688 0.778125 0.895312 0.776562 0.889062 0.770312 0.889062 0.764062 0.907812 0.745312 0.904688 0.7375 0.89375 0.7375 0.889062 0.732812 0.892188 0.729688
1 0.857812 0.7375 0.825 0.721875 0.8125 0.765625 0.790625 0.75 0.745312 0.75 0.753125 0.78125 0.698438 0.775 0.7125 0.792188 0.735938 0.790625 0.735938 0.820312 0.723438 0.80625 0.7 0.815625 0.685938 0.775 0.679688 0.801562 0.6625 0.817188 0.651562 0.803125 0.634375 0.817188 0.651562 0.83125 0.635938 0.842188 0.628125 0.834375 0.610938 0.840625 0.584375 0.8 0.573438 0.8125 0.582812 0.823438 0.5625 0.845312 0.71875 0.846875 0.7375 0.8375 0.767188 0.848438 0.770312 0.828125 0.7875 0.83125 0.792188 0.81875 0.80625 0.835938 0.798438 0.84375 0.834375 0.848438 0.835938 0.821875 0.81875 0.8 0.803125 0.8 0.792188 0.778125 0.851562 0.754688
1 0.609375 0.725 0.610938 0.726562 0.6125 0.726562 0.61875 0.732812 0.621875 0.732812 0.623438 0.73125 0.625 0.73125 0.626562 0.732812 0.629688 0.729688 0.63125 0.729688 0.635938 0.725 0.635938 0.723438 0.628125 0.715625 0.620312 0.715625 0.61875 0.717188 0.617188 0.715625 0.615625 0.715625 0.6125 0.71875 0.6125 0.721875
1 0.451562 0.715625 0.45 0.715625 0.445312 0.71875 0.442188 0.71875 0.4375 0.721875 0.4375 0.723438 0.434375 0.726562 0.434375 0.728125 0.4375 0.73125 0.4375 0.734375 0.432812 0.739062 0.429688 0.739062 0.426562 0.735938 0.425 0.735938 0.420312 0.740625 0.420312 0.74375 0.425 0.748438 0.423438 0.75 0.425 0.751562 0.426562 0.751562 0.434375 0.75625 0.440625 0.75 0.439062 0.748438 0.439062 0.742188 0.4375 0.740625 0.442188 0.735938 0.44375 0.735938 0.451562 0.73125 0.45 0.729688 0.454688 0.723438 0.454688 0.71875
1 0.270312 0.715625 0.26875 0.717188 0.26875 0.726562 0.273438 0.73125 0.273438 0.732812 0.26875 0.7375 0.26875 0.739062 0.271875 0.742188 0.271875 0.746875 0.273438 0.748438 0.279688 0.748438 0.28125 0.75 0.282812 0.748438 0.279688 0.745312 0.279688 0.732812 0.278125 0.73125 0.278125 0.729688 0.279688 0.728125 0.279688 0.726562 0.273438 0.720312 0.273438 0.71875
1 0.10625 0.703125 0.1 0.698438 0.096875 0.7 0.095312 0.698438 0.084375 0.70625 0.076562 0.703125 0.073438 0.70625 0.06875 0.70625 0.065625 0.709375 0.065625 0.7125 0.054688 0.725 0.046875 0.726562 0.042188 0.721875 0.0375 0.725 0.034375 0.723438 0.032812 0.725 0.032812 0.748438 0.035938 0.75 0.040625 0.745312 0.04375 0.748438 0.046875 0.748438 0.05 0.745312 0.053125 0.748438 0.064062 0.748438 0.065625 0.746875 0.078125 0.748438 0.103125 0.725 0.103125 0.714062 0.10625 0.709375 0.104688 0.707812
1 0.782812 0.698438 0.78125 0.696875 0.78125 0.695312 0.776562 0.690625 0.775 0.690625 0.773438 0.692188 0.770312 0.692188 0.76875 0.69375 0.767188 0.69375 0.765625 0.692188 0.764062 0.69375 0.759375 0.69375 0.757812 0.695312 0.75625 0.695312 0.751562 0.7 0.751562 0.701562 0.754688 0.704688 0.75625 0.704688 0.759375 0.707812 0.767188 0.707812 0.770312 0.704688 0.771875 0.704688 0.775 0.707812 0.776562 0.707812 0.779688 0.704688 0.779688 0.701562
1 0.573438 0.66875 0.571875 0.66875 0.570312 0.670312 0.56875 0.670312 0.567188 0.66875 0.560938 0.66875 0.559375 0.670312 0.559375 0.671875 0.55625 0.675 0.55625 0.678125 0.559375 0.68125 0.557812 0.682812 0.559375 0.684375 0.55625 0.6875 0.55625 0.698438 0.559375 0.701562 0.559375 0.704688 0.5625 0.707812 0.560938 0.709375 0.5625 0.710938 0.564062 0.710938 0.565625 0.709375 0.56875 0.709375 0.570312 0.707812 0.56875 0.70625 0.570312 0.704688 0.570312 0.701562 0.579688 0.692188 0.579688 0.68125 0.58125 0.679688 0.579688 0.678125 0.579688 0.676562 0.576562 0.673438 0.576562 0.671875
1 0.185938 0.65 0.184375 0.648438 0.18125 0.651562 0.176562 0.648438 0.175 0.65 0.170312 0.65 0.16875 0.651562 0.16875 0.657812 0.164062 0.6625 0.15 0.6625 0.146875 0.659375 0.140625 0.665625 0.140625 0.673438 0.15 0.684375 0.151562 0.684375 0.15625 0.679688 0.160938 0.679688 0.164062 0.676562 0.165625 0.676562 0.16875 0.679688 0.173438 0.679688 0.176562 0.676562 0.175 0.675 0.173438 0.676562 0.167188 0.670312 0.167188 0.665625 0.176562 0.657812 0.18125 0.657812
1 0.69375 0.646875 0.69375 0.65 0.692188 0.651562 0.692188 0.653125 0.69375 0.654688 0.692188 0.65625 0.69375 0.657812 0.69375 0.660938 0.698438 0.665625 0.7 0.664062 0.701562 0.665625 0.704688 0.665625 0.70625 0.667188 0.707812 0.667188 0.710938 0.670312 0.7125 0.66875 0.717188 0.66875 0.71875 0.667188 0.720312 0.667188 0.725 0.6625 0.714062 0.651562 0.714062 0.65 0.707812 0.64375 0.696875 0.64375
1 0.235938 0.61875 0.228125 0.626562 0.228125 0.629688 0.229688 0.63125 0.228125 0.632812 0.228125 0.634375 0.23125 0.639062 0.23125 0.645312 0.235938 0.648438 0.239062 0.648438 0.240625 0.646875 0.242188 0.646875 0.25 0.639062 0.25 0.63125 0.246875 0.628125 0.245312 0.628125 0.240625 0.623438 0.240625 0.621875 0.242188 0.620312 0.240625 0.61875
1 0.364062 0.6125 0.359375 0.6125 0.353125 0.61875 0.353125 0.623438 0.351562 0.625 0.351562 0.626562 0.35 0.628125 0.35625 0.634375 0.357812 0.634375 0.359375 0.635938 0.360938 0.635938 0.370312 0.626562 0.370312 0.61875
1 0.71875 0.61875 0.720312 0.620312 0.723438 0.620312 0.729688 0.626562 0.734375 0.626562 0.7375 0.629688 0.739062 0.629688 0.745312 0.623438 0.746875 0.625 0.748438 0.623438 0.753125 0.623438 0.754688 0.621875 0.751562 0.61875 0.751562 0.617188 0.754688 0.614062 0.753125 0.6125 0.751562 0.6125 0.748438 0.609375 0.7375 0.609375 0.734375 0.6125 0.73125 0.609375 0.729688 0.610938 0.728125 0.610938 0.726562 0.609375 0.725 0.610938 0.725 0.6125
1 0.153125 0.609375 0.15625 0.6125 0.15625 0.621875 0.157812 0.623438 0.170312 0.623438 0.171875 0.621875 0.173438 0.621875 0.178125 0.625 0.179688 0.623438 0.184375 0.628125 0.184375 0.629688 0.18125 0.632812 0.182812 0.634375 0.185938 0.634375 0.192188 0.628125 0.182812 0.620312 0.182812 0.614062 0.18125 0.6125 0.176562 0.6125 0.173438 0.609375 0.167188 0.609375 0.165625 0.607812 0.164062 0.609375 0.15625 0.609375 0.154688 0.607812
1 0.546875 0.592188 0.545312 0.592188 0.54375 0.59375 0.542188 0.592188 0.5375 0.592188 0.535938 0.59375 0.534375 0.59375 0.525 0.603125 0.526562 0.604688 0.528125 0.604688 0.534375 0.610938 0.535938 0.610938 0.5375 0.6125 0.539062 0.6125 0.540625 0.614062 0.542188 0.6125 0.54375 0.6125 0.548438 0.607812 0.548438 0.59375
1 0.059375 0.63125 0.06875 0.635938 0.08125 0.634375 0.0875 0.6375 0.09375 0.6375 0.1 0.634375 0.107812 0.635938 0.110938 0.632812 0.1125 0.634375 0.11875 0.625 0.11875 0.620312 0.128125 0.610938 0.140625 0.607812 0.1375 0.604688 0.145312 0.596875 0.145312 0.592188 0.148438 0.589062 0.140625 0.582812 0.13125 0.582812 0.123438 0.590625 0.120312 0.5875 0.107812 0.590625 0.103125 0.585938 0.101562 0.5875 0.095312 0.58125 0.0875 0.578125 0.08125 0.584375 0.082812 0.589062 0.078125 0.59375 0.075 0.590625 0.060938 0.603125 0.05625 0.615625 0.060938 0.625
1 0.6625 0.5625 0.665625 0.56875 0.670312 0.573438 0.673438 0.573438 0.678125 0.578125 0.678125 0.584375 0.68125 0.5875 0.682812 0.585938 0.6875 0.589062 0.689062 0.589062 0.7 0.576562 0.70625 0.58125 0.7125 0.573438 0.717188 0.573438 0.721875 0.578125 0.725 0.576562 0.715625 0.56875 0.709375 0.56875 0.704688 0.573438 0.703125 0.573438 0.698438 0.56875 0.690625 0.56875 0.6875 0.571875 0.682812 0.567188 0.684375 0.565625 0.682812 0.564062 0.678125 0.56875 0.671875 0.56875 0.664062 0.560938
1 0.317188 0.523438 0.3125 0.520312 0.309375 0.520312 0.301562 0.529688 0.298438 0.526562 0.292188 0.529688 0.284375 0.526562 0.276562 0.535938 0.279688 0.540625 0.275 0.545312 0.26875 0.540625 0.259375 0.551562 0.278125 0.56875 0.282812 0.567188 0.2875 0.571875 0.292188 0.570312 0.298438 0.576562 0.303125 0.571875 0.303125 0.557812 0.310938 0.54375 0.307812 0.539062 0.314062 0.53125 0.314062 0.526562
1 0.035938 0.5 0.034375 0.501562 0.034375 0.51875 0.032812 0.520312 0.034375 0.540625 0.035938 0.542188 0.042188 0.535938 0.046875 0.540625 0.046875 0.545312 0.042188 0.55 0.039062 0.55 0.035938 0.546875 0.032812 0.55 0.032812 0.557812 0.035938 0.560938 0.039062 0.560938 0.042188 0.557812 0.046875 0.560938 0.048438 0.559375 0.051562 0.560938 0.060938 0.554688 0.075 0.554688 0.076562 0.553125 0.075 0.546875 0.071875 0.55 0.06875 0.55 0.054688 0.539062 0.057812 0.535938 0.057812 0.526562 0.051562 0.523438 0.039062 0.5125 0.039062 0.507812 0.042188 0.504687 0.042188 0.501562
1 0.51875 0.425 0.510938 0.426562 0.50625 0.435938 0.492188 0.4375 0.473438 0.45625 0.4625 0.475 0.459375 0.49375 0.470312 0.532812 0.484375 0.548438 0.489062 0.545312 0.49375 0.548438 0.509375 0.546875 0.514062 0.551562 0.528125 0.553125 0.54375 0.54375 0.55 0.548438 0.548438 0.54375 0.559375 0.534375 0.573438 0.510938 0.5875 0.5125 0.585938 0.503125 0.590625 0.498438 0.601562 0.504687 0.610938 0.495312 0.598438 0.489062 0.592188 0.495312 0.585938 0.490625 0.584375 0.48125 0.5875 0.478125 0.5625 0.439062 0.551562 0.439062 0.5375 0.429688
1 0.1375 0.428125 0.142188 0.434375 0.140625 0.435938 0.142188 0.44375 0.139062 0.448438 0.15 0.45625 0.167188 0.442188 0.176562 0.44375 0.182812 0.439062 0.1875 0.44375 0.1875 0.446875 0.182812 0.451562 0.185938 0.45625 0.184375 0.457812 0.1875 0.460938 0.19375 0.454688 0.198438 0.454688 0.201562 0.451562 0.214062 0.446875 0.2125 0.44375 0.209375 0.44375 0.204688 0.439062 0.203125 0.434375 0.204688 0.432812 0.201562 0.428125 0.196875 0.425 0.195312 0.426562 0.189062 0.420312 0.182812 0.429688 0.179688 0.426562 0.175 0.428125 0.1625 0.425 0.15625 0.426562 0.14375 0.41875
1 0.240625 0.404688 0.235938 0.404688 0.234375 0.403125 0.23125 0.403125 0.229688 0.404688 0.228125 0.404688 0.226562 0.40625 0.225 0.40625 0.223438 0.407812 0.21875 0.409375 0.215625 0.4125 0.214062 0.4125 0.209375 0.417188 0.209375 0.41875 0.207812 0.420312 0.209375 0.425 0.214062 0.429688 0.217188 0.429688 0.225 0.434375 0.228125 0.434375 0.229688 0.432812 0.23125 0.434375 0.242188 0.423438 0.245312 0.423438 0.246875 0.421875 0.246875 0.4125 0.245312 0.410938 0.245312 0.409375
1 0.24375 0.371875 0.242188 0.371875 0.240625 0.370312 0.239062 0.370312 0.2375 0.36875 0.234375 0.36875 0.23125 0.371875 0.23125 0.375 0.225 0.38125 0.223438 0.38125 0.221875 0.382812 0.221875 0.385938 0.225 0.389062 0.225 0.392188 0.226562 0.39375 0.23125 0.389062 0.2375 0.389062 0.239062 0.3875 0.240625 0.389062 0.242188 0.3875 0.24375 0.3875 0.246875 0.384375 0.245312 0.382812 0.245312 0.38125 0.242188 0.378125 0.245312 0.375 0.245312 0.373438
1 0.690625 0.301562 0.684375 0.309375 0.685938 0.325 0.684375 0.339062 0.695312 0.357812 0.7 0.360938 0.709375 0.360938 0.715625 0.364062 0.725 0.373438 0.739062 0.373438 0.748438 0.365625 0.748438 0.3625 0.753125 0.357812 0.759375 0.364062 0.7625 0.354688 0.760938 0.351562 0.753125 0.35 0.748438 0.345312 0.751562 0.342188 0.753125 0.332812 0.751562 0.33125 0.746875 0.332812 0.742188 0.328125 0.739062 0.321875 0.742188 0.314062 0.7375 0.309375 0.721875 0.3125 0.709375 0.3 0.695312 0.298438
1 0.1625 0.295312 0.15625 0.301562 0.157812 0.303125 0.15625 0.304688 0.15625 0.314062 0.157812 0.315625 0.157812 0.317188 0.15625 0.31875 0.15625 0.321875 0.153125 0.325 0.15625 0.328125 0.1625 0.328125 0.164062 0.329688 0.170312 0.329688 0.182812 0.317188 0.182812 0.307812 0.1875 0.303125 0.1875 0.301562 0.185938 0.3 0.178125 0.3 0.176562 0.301562 0.175 0.3 0.173438 0.301562 0.171875 0.3 0.170312 0.301562 0.164062 0.295312
1 0.81875 0.290625 0.81875 0.295312 0.820312 0.296875 0.820312 0.298438 0.826562 0.304688 0.842188 0.304688 0.84375 0.303125 0.848438 0.304688 0.85 0.303125 0.853125 0.303125 0.857812 0.298438 0.857812 0.295312 0.859375 0.29375 0.859375 0.292188 0.85625 0.289062 0.853125 0.289062 0.851562 0.290625 0.85 0.290625 0.846875 0.2875 0.845312 0.2875 0.840625 0.284375 0.829688 0.284375 0.828125 0.285938 0.825 0.285938 0.821875 0.289062 0.820312 0.289062
1 0.2125 0.275 0.20625 0.284375 0.209375 0.2875 0.2125 0.296875 0.217188 0.298438 0.225 0.30625 0.225 0.315625 0.21875 0.321875 0.223438 0.323438 0.23125 0.332812 0.248438 0.332812 0.251563 0.329688 0.25625 0.329688 0.260938 0.325 0.259375 0.323438 0.257812 0.325 0.25625 0.323438 0.254688 0.325 0.253125 0.323438 0.251563 0.325 0.25 0.323438 0.248438 0.325 0.246875 0.323438 0.245312 0.325 0.24375 0.323438 0.239062 0.325 0.228125 0.314062 0.232812 0.307812 0.23125 0.30625 0.232812 0.3 0.229688 0.296875 0.232812 0.29375 0.232812 0.278125 0.228125 0.275 0.223438 0.276562
1 0.59375 0.271875 0.590625 0.273438 0.589062 0.278125 0.582812 0.284375 0.571875 0.275 0.56875 0.276562 0.56875 0.28125 0.571875 0.284375 0.571875 0.2875 0.575 0.290625 0.575 0.292188 0.576562 0.29375 0.58125 0.289062 0.585938 0.29375 0.585938 0.295312 0.58125 0.3 0.58125 0.304688 0.584375 0.307812 0.592188 0.307812 0.595312 0.304688 0.596875 0.304688 0.6 0.307812 0.604688 0.303125 0.604688 0.298438 0.60625 0.296875 0.604688 0.295312 0.601562 0.298438 0.595312 0.292188 0.595312 0.2875 0.592188 0.284375 0.592188 0.282812 0.598438 0.276562
1 0.55625 0.25 0.546875 0.259375 0.546875 0.2625 0.545312 0.264062 0.545312 0.265625 0.546875 0.267188 0.546875 0.26875 0.55 0.271875 0.564062 0.271875 0.565625 0.270312 0.567188 0.271875 0.56875 0.271875 0.573438 0.267188 0.573438 0.264062 0.571875 0.2625 0.571875 0.260938 0.564062 0.253125 0.5625 0.253125 0.559375 0.25 0.557812 0.251563
1 0.839062 0.2 0.8375 0.201562 0.829688 0.2 0.826562 0.203125 0.821875 0.2 0.80625 0.2125 0.80625 0.221875 0.804688 0.223438 0.807812 0.229688 0.81875 0.229688 0.821875 0.232812 0.829688 0.232812 0.835938 0.240625 0.834375 0.245312 0.825 0.251563 0.825 0.265625 0.826562 0.267188 0.842188 0.253125 0.842188 0.25 0.839062 0.246875 0.848438 0.240625 0.85 0.232812 0.846875 0.228125 0.8375 0.228125 0.835938 0.229688 0.83125 0.225 0.839062 0.217188 0.846875 0.217188 0.857812 0.2125 0.85625 0.20625 0.848438 0.20625
1 0.09375 0.153125 0.096875 0.15625 0.098438 0.15625 0.1 0.157812 0.109375 0.157812 0.1125 0.160938 0.117188 0.160938 0.121875 0.157812 0.125 0.160938 0.126562 0.160938 0.128125 0.159375 0.13125 0.159375 0.132812 0.157812 0.132812 0.15625 0.128125 0.151562 0.1 0.151562 0.098438 0.153125 0.096875 0.153125 0.095312 0.151562
1 0.03125 0.142188 0.967188 0.14375 0.975 0.84375 0.96875 0.140625
1 0.09375 0.153125 0.096875 0.15625 0.098438 0.15625 0.1 0.157812 0.109375 0.157812 0.1125 0.160938 0.117188 0.160938 0.121875 0.157812 0.125 0.160938 0.126562 0.160938 0.128125 0.159375 0.13125 0.159375 0.132812 0.157812 0.132812 0.15625 0.128125 0.151562 0.1 0.151562 0.098438 0.153125 0.096875 0.153125 0.095312 0.151562
0 0.839062 0.2 0.8375 0.201562 0.829688 0.2 0.826562 0.203125 0.821875 0.2 0.80625 0.2125 0.80625 0.221875 0.804688 0.223438 0.807812 0.229688 0.81875 0.229688 0.821875 0.232812 0.829688 0.232812 0.835938 0.240625 0.834375 0.245312 0.825 0.251563 0.825 0.265625 0.826562 0.267188 0.842188 0.253125 0.842188 0.25 0.839062 0.246875 0.848438 0.240625 0.85 0.232812 0.846875 0.228125 0.8375 0.228125 0.835938 0.229688 0.83125 0.225 0.839062 0.217188 0.846875 0.217188 0.857812 0.2125 0.85625 0.20625 0.848438 0.20625
1 0.55625 0.25 0.546875 0.259375 0.546875 0.2625 0.545312 0.264062 0.545312 0.265625 0.546875 0.267188 0.546875 0.26875 0.55 0.271875 0.564062 0.271875 0.565625 0.270312 0.567188 0.271875 0.56875 0.271875 0.573438 0.267188 0.573438 0.264062 0.571875 0.2625 0.571875 0.260938 0.564062 0.253125 0.5625 0.253125 0.559375 0.25 0.557812 0.251563
0 0.59375 0.271875 0.590625 0.273438 0.589062 0.278125 0.582812 0.284375 0.571875 0.275 0.56875 0.276562 0.56875 0.28125 0.571875 0.284375 0.571875 0.2875 0.575 0.290625 0.575 0.292188 0.576562 0.29375 0.58125 0.289062 0.585938 0.29375 0.585938 0.295312 0.58125 0.3 0.58125 0.304688 0.584375 0.307812 0.592188 0.307812 0.595312 0.304688 0.596875 0.304688 0.6 0.307812 0.604688 0.303125 0.604688 0.298438 0.60625 0.296875 0.604688 0.295312 0.601562 0.298438 0.595312 0.292188 0.595312 0.2875 0.592188 0.284375 0.592188 0.282812 0.598438 0.276562
0 0.2125 0.275 0.20625 0.284375 0.209375 0.2875 0.2125 0.296875 0.217188 0.298438 0.225 0.30625 0.225 0.315625 0.21875 0.321875 0.223438 0.323438 0.23125 0.332812 0.248438 0.332812 0.251563 0.329688 0.25625 0.329688 0.260938 0.325 0.259375 0.323438 0.257812 0.325 0.25625 0.323438 0.254688 0.325 0.253125 0.323438 0.251563 0.325 0.25 0.323438 0.248438 0.325 0.246875 0.323438 0.245312 0.325 0.24375 0.323438 0.239062 0.325 0.228125 0.314062 0.232812 0.307812 0.23125 0.30625 0.232812 0.3 0.229688 0.296875 0.232812 0.29375 0.232812 0.278125 0.228125 0.275 0.223438 0.276562
1 0.81875 0.290625 0.81875 0.295312 0.820312 0.296875 0.820312 0.298438 0.826562 0.304688 0.842188 0.304688 0.84375 0.303125 0.848438 0.304688 0.85 0.303125 0.853125 0.303125 0.857812 0.298438 0.857812 0.295312 0.859375 0.29375 0.859375 0.292188 0.85625 0.289062 0.853125 0.289062 0.851562 0.290625 0.85 0.290625 0.846875 0.2875 0.845312 0.2875 0.840625 0.284375 0.829688 0.284375 0.828125 0.285938 0.825 0.285938 0.821875 0.289062 0.820312 0.289062
1 0.1625 0.295312 0.15625 0.301562 0.157812 0.303125 0.15625 0.304688 0.15625 0.314062 0.157812 0.315625 0.157812 0.317188 0.15625 0.31875 0.15625 0.321875 0.153125 0.325 0.15625 0.328125 0.1625 0.328125 0.164062 0.329688 0.170312 0.329688 0.182812 0.317188 0.182812 0.307812 0.1875 0.303125 0.1875 0.301562 0.185938 0.3 0.178125 0.3 0.176562 0.301562 0.175 0.3 0.173438 0.301562 0.171875 0.3 0.170312 0.301562 0.164062 0.295312
1 0.690625 0.301562 0.684375 0.309375 0.685938 0.325 0.684375 0.339062 0.695312 0.357812 0.7 0.360938 0.709375 0.360938 0.715625 0.364062 0.725 0.373438 0.739062 0.373438 0.748438 0.365625 0.748438 0.3625 0.753125 0.357812 0.759375 0.364062 0.7625 0.354688 0.760938 0.351562 0.753125 0.35 0.748438 0.345312 0.751562 0.342188 0.753125 0.332812 0.751562 0.33125 0.746875 0.332812 0.742188 0.328125 0.739062 0.321875 0.742188 0.314062 0.7375 0.309375 0.721875 0.3125 0.709375 0.3 0.695312 0.298438
0 0.24375 0.371875 0.242188 0.371875 0.240625 0.370312 0.239062 0.370312 0.2375 0.36875 0.234375 0.36875 0.23125 0.371875 0.23125 0.375 0.225 0.38125 0.223438 0.38125 0.221875 0.382812 0.221875 0.385938 0.225 0.389062 0.225 0.392188 0.226562 0.39375 0.23125 0.389062 0.2375 0.389062 0.239062 0.3875 0.240625 0.389062 0.242188 0.3875 0.24375 0.3875 0.246875 0.384375 0.245312 0.382812 0.245312 0.38125 0.242188 0.378125 0.245312 0.375 0.245312 0.373438
1 0.240625 0.404688 0.235938 0.404688 0.234375 0.403125 0.23125 0.403125 0.229688 0.404688 0.228125 0.404688 0.226562 0.40625 0.225 0.40625 0.223438 0.407812 0.21875 0.409375 0.215625 0.4125 0.214062 0.4125 0.209375 0.417188 0.209375 0.41875 0.207812 0.420312 0.209375 0.425 0.214062 0.429688 0.217188 0.429688 0.225 0.434375 0.228125 0.434375 0.229688 0.432812 0.23125 0.434375 0.242188 0.423438 0.245312 0.423438 0.246875 0.421875 0.246875 0.4125 0.245312 0.410938 0.245312 0.409375
1 0.1375 0.428125 0.142188 0.434375 0.140625 0.435938 0.142188 0.44375 0.139062 0.448438 0.15 0.45625 0.167188 0.442188 0.176562 0.44375 0.182812 0.439062 0.1875 0.44375 0.1875 0.446875 0.182812 0.451562 0.185938 0.45625 0.184375 0.457812 0.1875 0.460938 0.19375 0.454688 0.198438 0.454688 0.201562 0.451562 0.214062 0.446875 0.2125 0.44375 0.209375 0.44375 0.204688 0.439062 0.203125 0.434375 0.204688 0.432812 0.201562 0.428125 0.196875 0.425 0.195312 0.426562 0.189062 0.420312 0.182812 0.429688 0.179688 0.426562 0.175 0.428125 0.1625 0.425 0.15625 0.426562 0.14375 0.41875
1 0.214062 0.4125 0.209375 0.417188 0.209375 0.41875 0.207812 0.420312 0.207812 0.421875 0.209375 0.423438 0.209375 0.425 0.214062 0.429688 0.217188 0.429688 0.21875 0.43125 0.220312 0.43125 0.220312 0.4125
1 0.51875 0.425 0.510938 0.426562 0.50625 0.435938 0.492188 0.4375 0.473438 0.45625 0.4625 0.475 0.459375 0.49375 0.470312 0.532812 0.484375 0.548438 0.489062 0.545312 0.49375 0.548438 0.509375 0.546875 0.514062 0.551562 0.528125 0.553125 0.54375 0.54375 0.55 0.548438 0.548438 0.54375 0.559375 0.534375 0.573438 0.510938 0.5875 0.5125 0.585938 0.503125 0.590625 0.498438 0.601562 0.504687 0.610938 0.495312 0.598438 0.489062 0.592188 0.495312 0.585938 0.490625 0.584375 0.48125 0.5875 0.478125 0.5625 0.439062 0.551562 0.439062 0.5375 0.429688
0 0.035938 0.5 0.034375 0.501562 0.034375 0.51875 0.032812 0.520312 0.034375 0.540625 0.035938 0.542188 0.042188 0.535938 0.046875 0.540625 0.046875 0.545312 0.042188 0.55 0.039062 0.55 0.035938 0.546875 0.032812 0.55 0.032812 0.557812 0.035938 0.560938 0.039062 0.560938 0.042188 0.557812 0.046875 0.560938 0.048438 0.559375 0.051562 0.560938 0.060938 0.554688 0.075 0.554688 0.076562 0.553125 0.075 0.546875 0.071875 0.55 0.06875 0.55 0.054688 0.539062 0.057812 0.535938 0.057812 0.526562 0.051562 0.523438 0.039062 0.5125 0.039062 0.507812 0.042188 0.504687 0.042188 0.501562
0 0.026562 0.49375 0.026562 0.567188 0.028125 0.567188 0.028125 0.49375
1 0.317188 0.523438 0.3125 0.520312 0.309375 0.520312 0.301562 0.529688 0.298438 0.526562 0.292188 0.529688 0.284375 0.526562 0.276562 0.535938 0.279688 0.540625 0.275 0.545312 0.26875 0.540625 0.259375 0.551562 0.278125 0.56875 0.282812 0.567188 0.2875 0.571875 0.292188 0.570312 0.298438 0.576562 0.303125 0.571875 0.303125 0.557812 0.310938 0.54375 0.307812 0.539062 0.314062 0.53125 0.314062 0.526562
0 0.6625 0.5625 0.665625 0.56875 0.670312 0.573438 0.673438 0.573438 0.678125 0.578125 0.678125 0.584375 0.68125 0.5875 0.682812 0.585938 0.6875 0.589062 0.689062 0.589062 0.7 0.576562 0.70625 0.58125 0.7125 0.573438 0.717188 0.573438 0.721875 0.578125 0.725 0.576562 0.715625 0.56875 0.709375 0.56875 0.704688 0.573438 0.703125 0.573438 0.698438 0.56875 0.690625 0.56875 0.6875 0.571875 0.682812 0.567188 0.684375 0.565625 0.682812 0.564062 0.678125 0.56875 0.671875 0.56875 0.664062 0.560938
1 0.059375 0.63125 0.06875 0.635938 0.08125 0.634375 0.0875 0.6375 0.09375 0.6375 0.1 0.634375 0.107812 0.635938 0.110938 0.632812 0.1125 0.634375 0.11875 0.625 0.11875 0.620312 0.128125 0.610938 0.140625 0.607812 0.1375 0.604688 0.145312 0.596875 0.145312 0.592188 0.148438 0.589062 0.140625 0.582812 0.13125 0.582812 0.123438 0.590625 0.120312 0.5875 0.107812 0.590625 0.103125 0.585938 0.101562 0.5875 0.095312 0.58125 0.0875 0.578125 0.08125 0.584375 0.082812 0.589062 0.078125 0.59375 0.075 0.590625 0.060938 0.603125 0.05625 0.615625 0.060938 0.625
1 0.546875 0.592188 0.545312 0.592188 0.54375 0.59375 0.542188 0.592188 0.5375 0.592188 0.535938 0.59375 0.534375 0.59375 0.525 0.603125 0.526562 0.604688 0.528125 0.604688 0.534375 0.610938 0.535938 0.610938 0.5375 0.6125 0.539062 0.6125 0.540625 0.614062 0.542188 0.6125 0.54375 0.6125 0.548438 0.607812 0.548438 0.59375
0 0.153125 0.609375 0.15625 0.6125 0.15625 0.621875 0.157812 0.623438 0.170312 0.623438 0.171875 0.621875 0.173438 0.621875 0.178125 0.625 0.179688 0.623438 0.184375 0.628125 0.184375 0.629688 0.18125 0.632812 0.182812 0.634375 0.185938 0.634375 0.192188 0.628125 0.182812 0.620312 0.182812 0.614062 0.18125 0.6125 0.176562 0.6125 0.173438 0.609375 0.167188 0.609375 0.165625 0.607812 0.164062 0.609375 0.15625 0.609375 0.154688 0.607812
0 0.71875 0.61875 0.720312 0.620312 0.723438 0.620312 0.729688 0.626562 0.734375 0.626562 0.7375 0.629688 0.739062 0.629688 0.745312 0.623438 0.746875 0.625 0.748438 0.623438 0.753125 0.623438 0.754688 0.621875 0.751562 0.61875 0.751562 0.617188 0.754688 0.614062 0.753125 0.6125 0.751562 0.6125 0.748438 0.609375 0.7375 0.609375 0.734375 0.6125 0.73125 0.609375 0.729688 0.610938 0.728125 0.610938 0.726562 0.609375 0.725 0.610938 0.725 0.6125
1 0.364062 0.6125 0.359375 0.6125 0.353125 0.61875 0.353125 0.623438 0.351562 0.625 0.351562 0.626562 0.35 0.628125 0.35625 0.634375 0.357812 0.634375 0.359375 0.635938 0.360938 0.635938 0.370312 0.626562 0.370312 0.61875
1 0.235938 0.61875 0.228125 0.626562 0.228125 0.629688 0.229688 0.63125 0.228125 0.632812 0.228125 0.634375 0.23125 0.639062 0.23125 0.645312 0.235938 0.648438 0.239062 0.648438 0.240625 0.646875 0.242188 0.646875 0.25 0.639062 0.25 0.63125 0.246875 0.628125 0.245312 0.628125 0.240625 0.623438 0.240625 0.621875 0.242188 0.620312 0.240625 0.61875
1 0.69375 0.646875 0.69375 0.65 0.692188 0.651562 0.692188 0.653125 0.69375 0.654688 0.692188 0.65625 0.69375 0.657812 0.69375 0.660938 0.698438 0.665625 0.7 0.664062 0.701562 0.665625 0.704688 0.665625 0.70625 0.667188 0.707812 0.667188 0.710938 0.670312 0.7125 0.66875 0.717188 0.66875 0.71875 0.667188 0.720312 0.667188 0.725 0.6625 0.714062 0.651562 0.714062 0.65 0.707812 0.64375 0.696875 0.64375
0 0.185938 0.65 0.184375 0.648438 0.18125 0.651562 0.176562 0.648438 0.175 0.65 0.170312 0.65 0.16875 0.651562 0.16875 0.657812 0.164062 0.6625 0.15 0.6625 0.146875 0.659375 0.140625 0.665625 0.140625 0.673438 0.15 0.684375 0.151562 0.684375 0.15625 0.679688 0.160938 0.679688 0.164062 0.676562 0.165625 0.676562 0.16875 0.679688 0.173438 0.679688 0.176562 0.676562 0.175 0.675 0.173438 0.676562 0.167188 0.670312 0.167188 0.665625 0.176562 0.657812 0.18125 0.657812
0 0.573438 0.66875 0.571875 0.66875 0.570312 0.670312 0.56875 0.670312 0.567188 0.66875 0.560938 0.66875 0.559375 0.670312 0.559375 0.671875 0.55625 0.675 0.55625 0.678125 0.559375 0.68125 0.557812 0.682812 0.559375 0.684375 0.55625 0.6875 0.55625 0.698438 0.559375 0.701562 0.559375 0.704688 0.5625 0.707812 0.560938 0.709375 0.5625 0.710938 0.564062 0.710938 0.565625 0.709375 0.56875 0.709375 0.570312 0.707812 0.56875 0.70625 0.570312 0.704688 0.570312 0.701562 0.579688 0.692188 0.579688 0.68125 0.58125 0.679688 0.579688 0.678125 0.579688 0.676562 0.576562 0.673438 0.576562 0.671875
0 0.782812 0.698438 0.78125 0.696875 0.78125 0.695312 0.776562 0.690625 0.775 0.690625 0.773438 0.692188 0.770312 0.692188 0.76875 0.69375 0.767188 0.69375 0.765625 0.692188 0.764062 0.69375 0.759375 0.69375 0.757812 0.695312 0.75625 0.695312 0.751562 0.7 0.751562 0.701562 0.754688 0.704688 0.75625 0.704688 0.759375 0.707812 0.767188 0.707812 0.770312 0.704688 0.771875 0.704688 0.775 0.707812 0.776562 0.707812 0.779688 0.704688 0.779688 0.701562
0 0.10625 0.703125 0.1 0.698438 0.096875 0.7 0.095312 0.698438 0.084375 0.70625 0.076562 0.703125 0.073438 0.70625 0.06875 0.70625 0.065625 0.709375 0.065625 0.7125 0.054688 0.725 0.046875 0.726562 0.042188 0.721875 0.0375 0.725 0.034375 0.723438 0.032812 0.725 0.032812 0.748438 0.035938 0.75 0.040625 0.745312 0.04375 0.748438 0.046875 0.748438 0.05 0.745312 0.053125 0.748438 0.064062 0.748438 0.065625 0.746875 0.078125 0.748438 0.103125 0.725 0.103125 0.714062 0.10625 0.709375 0.104688 0.707812
0 0.270312 0.715625 0.26875 0.717188 0.26875 0.726562 0.273438 0.73125 0.273438 0.732812 0.26875 0.7375 0.26875 0.739062 0.271875 0.742188 0.271875 0.746875 0.273438 0.748438 0.279688 0.748438 0.28125 0.75 0.282812 0.748438 0.279688 0.745312 0.279688 0.732812 0.278125 0.73125 0.278125 0.729688 0.279688 0.728125 0.279688 0.726562 0.273438 0.720312 0.273438 0.71875
1 0.451562 0.715625 0.45 0.715625 0.445312 0.71875 0.442188 0.71875 0.4375 0.721875 0.4375 0.723438 0.434375 0.726562 0.434375 0.728125 0.4375 0.73125 0.4375 0.734375 0.432812 0.739062 0.429688 0.739062 0.426562 0.735938 0.425 0.735938 0.420312 0.740625 0.420312 0.74375 0.425 0.748438 0.423438 0.75 0.425 0.751562 0.426562 0.751562 0.434375 0.75625 0.440625 0.75 0.439062 0.748438 0.439062 0.742188 0.4375 0.740625 0.442188 0.735938 0.44375 0.735938 0.451562 0.73125 0.45 0.729688 0.454688 0.723438 0.454688 0.71875
0 0.609375 0.725 0.610938 0.726562 0.6125 0.726562 0.61875 0.732812 0.621875 0.732812 0.623438 0.73125 0.625 0.73125 0.626562 0.732812 0.629688 0.729688 0.63125 0.729688 0.635938 0.725 0.635938 0.723438 0.628125 0.715625 0.620312 0.715625 0.61875 0.717188 0.617188 0.715625 0.615625 0.715625 0.6125 0.71875 0.6125 0.721875
0 0.851562 0.798438 0.845312 0.803125 0.846875 0.80625 0.846875 0.809375 0.84375 0.8125 0.84375 0.817188 0.839062 0.821875 0.840625 0.823438 0.845312 0.823438 0.848438 0.821875 0.853125 0.826562 0.853125 0.839062 0.85625 0.842188 0.85625 0.84375 0.8625 0.848438 0.864062 0.846875 0.864062 0.798438 0.8625 0.8 0.860938 0.798438 0.859375 0.8
0 0.573438 0.742188 0.571875 0.742188 0.570312 0.740625 0.567188 0.740625 0.564062 0.74375 0.559375 0.74375 0.55625 0.746875 0.55625 0.770312 0.560938 0.770312 0.5625 0.76875 0.564062 0.76875 0.565625 0.767188 0.567188 0.767188 0.571875 0.7625 0.573438 0.7625 0.578125 0.757812 0.571875 0.751562 0.571875 0.75 0.575 0.746875 0.575 0.74375
0 0.857812 0.7375 0.825 0.721875 0.8125 0.765625 0.790625 0.75 0.745312 0.75 0.753125 0.78125 0.698438 0.775 0.7125 0.792188 0.735938 0.790625 0.735938 0.820312 0.723438 0.80625 0.7 0.815625 0.685938 0.775 0.679688 0.801562 0.6625 0.817188 0.651562 0.803125 0.634375 0.817188 0.651562 0.83125 0.635938 0.842188 0.628125 0.834375 0.610938 0.840625 0.584375 0.8 0.573438 0.8125 0.582812 0.823438 0.5625 0.845312 0.71875 0.846875 0.7375 0.8375 0.767188 0.848438 0.770312 0.828125 0.7875 0.83125 0.792188 0.81875 0.80625 0.835938 0.798438 0.84375 0.834375 0.848438 0.835938 0.821875 0.81875 0.8 0.803125 0.8 0.792188 0.778125 0.851562 0.754688
0 0.609375 0.725 0.610938 0.726562 0.6125 0.726562 0.61875 0.732812 0.621875 0.732812 0.623438 0.73125 0.625 0.73125 0.626562 0.732812 0.629688 0.729688 0.63125 0.729688 0.635938 0.725 0.635938 0.723438 0.628125 0.715625 0.620312 0.715625 0.61875 0.717188 0.617188 0.715625 0.615625 0.715625 0.6125 0.71875 0.6125 0.721875
0 0.832812 0.853125 0.832812 0.854688 0.920312 0.854688 0.920312 0.853125
0 0.884375 0.725 0.88125 0.726562 0.890625 0.734375 0.86875 0.751562 0.871875 0.759375 0.884375 0.767188 0.88125 0.78125 0.884375 0.795312 0.879688 0.8 0.876562 0.796875 0.848438 0.8 0.839062 0.821875 0.848438 0.821875 0.853125 0.826562 0.853125 0.839062 0.8625 0.848438 0.90625 0.846875 0.914062 0.835938 0.914062 0.83125 0.904688 0.821875 0.884375 0.825 0.879688 0.820312 0.879688 0.815625 0.889062 0.810938 0.882812 0.801562 0.896875 0.79375 0.904688 0.795312 0.904688 0.778125 0.895312 0.776562 0.889062 0.770312 0.889062 0.764062 0.907812 0.745312 0.904688 0.7375 0.89375 0.7375 0.889062 0.732812 0.892188 0.729688
0 0.846875 0.725 0.840625 0.73125 0.835938 0.73125 0.832812 0.728125 0.832812 0.760938 0.835938 0.760938 0.839062 0.757812 0.840625 0.757812 0.846875 0.751562 0.85 0.754688 0.851562 0.754688 0.85625 0.75 0.854688 0.748438 0.854688 0.745312 0.857812 0.742188 0.857812 0.7375 0.854688 0.734375 0.853125 0.734375 0.848438 0.729688 0.848438 0.726562
0 0.573438 0.742188 0.571875 0.742188 0.570312 0.740625 0.567188 0.740625 0.564062 0.74375 0.559375 0.74375 0.55 0.753125 0.55 0.754688 0.548438 0.75625 0.55 0.757812 0.546875 0.760938 0.55 0.764062 0.55 0.767188 0.553125 0.770312 0.560938 0.770312 0.5625 0.76875 0.567188 0.767188 0.578125 0.757812 0.571875 0.751562 0.571875 0.75 0.575 0.746875 0.575 0.74375
1 0.378125 0.751562 0.378125 0.754688 0.382812 0.759375 0.384375 0.759375 0.389062 0.764062 0.390625 0.7625 0.392188 0.7625 0.39375 0.760938 0.395312 0.760938 0.398438 0.764062 0.403125 0.759375 0.403125 0.757812 0.404688 0.75625 0.404688 0.751562 0.403125 0.75 0.401562 0.75 0.4 0.748438 0.395312 0.748438 0.39375 0.746875 0.390625 0.746875 0.389062 0.745312 0.3875 0.746875 0.385938 0.746875 0.384375 0.748438 0.382812 0.748438 0.38125 0.75 0.379688 0.75
1 0.285938 0.842188 0.285938 0.839062 0.28125 0.834375 0.278125 0.8375 0.276562 0.8375 0.271875 0.832812 0.270312 0.834375 0.26875 0.832812 0.267188 0.834375 0.259375 0.834375 0.257812 0.835938 0.25625 0.835938 0.254688 0.834375 0.251563 0.834375 0.25 0.835938 0.25 0.840625 0.251563 0.842188 0.254688 0.842188 0.257812 0.839062 0.259375 0.839062 0.2625 0.842188
1 0.321875 0.771875 0.307812 0.759375 0.278125 0.757812 0.260938 0.7625 0.251563 0.75625 0.248438 0.759375 0.240625 0.757812 0.232812 0.7625 0.226562 0.757812 0.214062 0.770312 0.21875 0.78125 0.209375 0.7875 0.2125 0.820312 0.20625 0.826562 0.20625 0.832812 0.210938 0.835938 0.221875 0.823438 0.23125 0.823438 0.239062 0.817188 0.251563 0.814062 0.257812 0.817188 0.264062 0.814062 0.270312 0.817188 0.278125 0.814062 0.284375 0.815625 0.2875 0.8125 0.303125 0.810938 0.307812 0.80625 0.31875 0.803125 0.326562 0.795312 0.323438 0.792188 0.326562 0.7875 0.320312 0.78125
0 0.479688 0.760938 0.478125 0.759375 0.473438 0.760938 0.46875 0.75625 0.464062 0.75625 0.4625 0.757812 0.45625 0.75625 0.453125 0.759375 0.45 0.759375 0.446875 0.7625 0.4375 0.7625 0.435938 0.760938 0.434375 0.7625 0.434375 0.767188 0.43125 0.770312 0.43125 0.771875 0.435938 0.776562 0.432812 0.779688 0.435938 0.782812 0.446875 0.779688 0.448438 0.778125 0.448438 0.773438 0.453125 0.76875 0.45625 0.771875 0.460938 0.771875 0.464062 0.773438 0.470312 0.779688 0.473438 0.776562 0.476562 0.776562 0.479688 0.771875 0.479688 0.765625 0.478125 0.764062
0 0.285938 0.842188 0.285938 0.839062 0.28125 0.834375 0.278125 0.8375 0.276562 0.8375 0.271875 0.832812 0.270312 0.834375 0.26875 0.832812 0.267188 0.834375 0.259375 0.834375 0.257812 0.835938 0.25625 0.835938 0.254688 0.834375 0.251563 0.834375 0.25 0.835938 0.25 0.840625 0.251563 0.842188 0.254688 0.842188 0.257812 0.839062 0.259375 0.839062 0.2625 0.842188 0.278125 0.842188 0.28125 0.845312 0.282812 0.845312
1 0.634375 0.845312 0.635938 0.846875 0.654688 0.846875 0.65625 0.845312 0.657812 0.845312 0.660938 0.848438 0.670312 0.848438 0.671875 0.846875 0.689062 0.846875 0.690625 0.845312 0.695312 0.845312 0.696875 0.846875 0.698438 0.846875 0.7 0.845312
1 0.5625 0.845312 0.564062 0.846875 0.592188 0.846875 0.59375 0.848438 0.595312 0.846875 0.596875 0.848438 0.598438 0.846875 0.6 0.848438 0.601562 0.846875 0.603125 0.848438 0.604688 0.846875 0.621875 0.846875 0.623438 0.848438 0.625 0.846875 0.629688 0.846875 0.63125 0.845312
