0 0.209375 0.7875 0.207812 0.785938 0.201562 0.792188 0.196875 0.7875 0.19375 0.7875 0.189062 0.79375 0.190625 0.795312 0.185938 0.8 0.182812 0.796875 0.179688 0.798438 0.175 0.796875 0.173438 0.798438 0.173438 0.804688 0.170312 0.807812 0.16875 0.8125 0.170312 0.814062 0.175 0.814062 0.179688 0.810938 0.190625 0.820312 0.192188 0.820312 0.195312 0.817188 0.201562 0.820312 0.204688 0.817188 0.203125 0.815625 0.204688 0.814062 0.203125 0.810938 0.210938 0.803125 0.209375 0.801562
0 0.135938 0.765625 0.126562 0.765625 0.115625 0.776562 0.11875 0.785938 0.1125 0.792188 0.110938 0.790625 0.104688 0.798438 0.095312 0.789062 0.098438 0.785938 0.096875 0.784375 0.095312 0.785938 0.090625 0.78125 0.0875 0.784375 0.1 0.798438 0.1 0.807812 0.103125 0.810938 0.103125 0.814062 0.096875 0.823438 0.101562 0.83125 0.1 0.8375 0.10625 0.842188 0.1125 0.842188 0.117188 0.835938 0.114062 0.823438 0.120312 0.817188 0.120312 0.8125 0.126562 0.80625 0.128125 0.807812 0.1375 0.801562 0.135938 0.795312 0.139062 0.792188 0.1375 0.7875 0.140625 0.78125 0.135938 0.773438 0.1375 0.767188
0 0.071875 0.720312 0.06875 0.725 0.08125 0.734375 0.082812 0.732812 0.089062 0.739062 0.084375 0.74375 0.08125 0.740625 0.075 0.745312 0.078125 0.75 0.082812 0.746875 0.0875 0.751562 0.08125 0.759375 0.076562 0.754688 0.075 0.75625 0.075 0.7625 0.076562 0.764062 0.079688 0.760938 0.090625 0.770312 0.096875 0.7625 0.098438 0.757812 0.104688 0.751562 0.098438 0.745312 0.098438 0.734375 0.101562 0.729688 0.098438 0.726562 0.09375 0.725 0.085938 0.732812 0.084375 0.73125 0.082812 0.732812 0.078125 0.728125 0.078125 0.725
0 0.225 0.65 0.215625 0.659375 0.209375 0.65 0.196875 0.657812 0.184375 0.659375 0.179688 0.654688 0.182812 0.651562 0.170312 0.64375 0.167188 0.659375 0.178125 0.676562 0.171875 0.682812 0.151562 0.682812 0.145312 0.6875 0.139062 0.6875 0.121875 0.7 0.115625 0.7 0.115625 0.710938 0.121875 0.71875 0.126562 0.714062 0.135938 0.715625 0.145312 0.729688 0.153125 0.729688 0.165625 0.714062 0.175 0.71875 0.16875 0.709375 0.182812 0.7 0.19375 0.707812 0.210938 0.692188 0.2125 0.69375 0.220312 0.682812 0.226562 0.684375 0.226562 0.676562 0.221875 0.671875 0.229688 0.664062
0 0.059375 0.603125 0.05 0.609375 0.051562 0.610938 0.05625 0.60625 0.064062 0.6125 0.059375 0.621875 0.067188 0.623438 0.073438 0.629688 0.073438 0.648438 0.08125 0.659375 0.076562 0.664062 0.071875 0.659375 0.065625 0.665625 0.067188 0.682812 0.05625 0.692188 0.051562 0.692188 0.060938 0.69375 0.067188 0.690625 0.073438 0.696875 0.079688 0.698438 0.089062 0.692188 0.08125 0.682812 0.08125 0.678125 0.090625 0.667188 0.0875 0.6625 0.092188 0.657812 0.1 0.657812 0.101562 0.648438 0.096875 0.648438 0.090625 0.642188 0.09375 0.635938 0.092188 0.634375 0.082812 0.6375 0.076562 0.63125 0.079688 0.623438 0.076562 0.603125
0 0.298438 0.579688 0.29375 0.584375 0.29375 0.5875 0.289062 0.592188 0.2875 0.592188 0.282812 0.5875 0.279688 0.590625 0.28125 0.592188 0.284375 0.592188 0.289062 0.596875 0.2875 0.601562 0.292188 0.607812 0.295312 0.604688 0.298438 0.607812 0.304688 0.6 0.3125 0.607812 0.309375 0.6125 0.3125 0.617188 0.309375 0.621875 0.309375 0.626562 0.310938 0.628125 0.315625 0.623438 0.317188 0.623438 0.317188 0.615625 0.314062 0.6125 0.317188 0.609375 0.317188 0.59375 0.314062 0.590625 0.310938 0.592188 0.30625 0.5875 0.30625 0.585938 0.3 0.579688
0 0.317188 0.546875 0.315625 0.545312 0.314062 0.545312 0.3125 0.54375 0.30625 0.55 0.304688 0.55 0.301562 0.546875 0.298438 0.546875 0.295312 0.55 0.296875 0.551562 0.295312 0.553125 0.3 0.557812 0.3 0.559375 0.301562 0.560938 0.303125 0.559375 0.304688 0.559375 0.30625 0.560938 0.307812 0.559375 0.309375 0.560938 0.3125 0.560938 0.314062 0.559375 0.315625 0.560938 0.317188 0.559375
0 0.275 0.445312 0.270312 0.45 0.264062 0.45 0.2625 0.451562 0.265625 0.457812 0.265625 0.4625 0.2625 0.467188 0.264062 0.46875 0.2625 0.470312 0.264062 0.475 0.2625 0.479688 0.25625 0.4875 0.257812 0.489062 0.25625 0.490625 0.25625 0.496875 0.26875 0.510938 0.273438 0.50625 0.276562 0.50625 0.28125 0.510938 0.284375 0.510938 0.289062 0.50625 0.289062 0.495312 0.28125 0.492188 0.279688 0.49375 0.273438 0.4875 0.279688 0.478125 0.275 0.471875 0.28125 0.465625 0.28125 0.457812 0.282812 0.45625 0.276562 0.45
0 0.059375 0.2375 0.05625 0.240625 0.05625 0.242188 0.059375 0.245312 0.04375 0.2625 0.04375 0.264062 0.05 0.270312 0.046875 0.273438 0.046875 0.275 0.048438 0.276562 0.05 0.275 0.054688 0.276562 0.0625 0.267188 0.065625 0.267188 0.067188 0.265625 0.064062 0.2625 0.067188 0.259375 0.067188 0.257812 0.065625 0.25625 0.0625 0.259375 0.057812 0.254688 0.064062 0.248438 0.065625 0.25 0.067188 0.248438 0.067188 0.246875
0 0.276562 0.207812 0.270312 0.207812 0.26875 0.209375 0.26875 0.214062 0.273438 0.21875 0.26875 0.223438 0.267188 0.221875 0.2625 0.221875 0.25 0.235938 0.251563 0.2375 0.25 0.240625 0.251563 0.24375 0.25625 0.240625 0.264062 0.246875 0.2625 0.25 0.2625 0.25625 0.264062 0.257812 0.26875 0.254688 0.271875 0.254688 0.278125 0.248438 0.28125 0.248438 0.282812 0.246875 0.282812 0.242188 0.2875 0.2375 0.285938 0.235938 0.285938 0.232812 0.290625 0.228125 0.292188 0.229688 0.29375 0.228125 0.290625 0.223438 0.284375 0.225 0.276562 0.217188 0.276562 0.214062 0.278125 0.2125 0.278125 0.209375
0 0.10625 0.175 0.104688 0.176562 0.098438 0.176562 0.095312 0.179688 0.1 0.184375 0.09375 0.190625 0.09375 0.192188 0.096875 0.195312 0.096875 0.196875 0.098438 0.198438 0.098438 0.2 0.095312 0.203125 0.096875 0.204688 0.1 0.201562 0.098438 0.2 0.098438 0.198438 0.103125 0.19375 0.104688 0.19375 0.10625 0.195312 0.109375 0.195312 0.1125 0.198438 0.114062 0.196875 0.117188 0.196875 0.121875 0.192188 0.120312 0.190625 0.11875 0.190625 0.115625 0.19375 0.110938 0.189062 0.117188 0.182812 0.115625 0.18125 0.1125 0.18125
0 0.310938 0.171875 0.307812 0.175 0.298438 0.175 0.296875 0.176562 0.296875 0.178125 0.298438 0.179688 0.3 0.179688 0.304688 0.184375 0.303125 0.185938 0.304688 0.1875 0.303125 0.189062 0.304688 0.190625 0.304688 0.196875 0.303125 0.198438 0.30625 0.201562 0.307812 0.2 0.3125 0.2 0.314062 0.198438 0.314062 0.196875 0.317188 0.19375 0.317188 0.182812 0.314062 0.179688 0.315625 0.178125 0.315625 0.176562
0 0.001562 0.126562 0.0 0.475 0.034375 0.51875 0.0 0.534375 0.0 0.867188 0.09375 0.870312 0.059375 0.86875 0.076562 0.80625 0.003125 0.746875 0.007812 0.601562 0.120312 0.589062 0.153125 0.551562 0.15625 0.585938 0.101562 0.621875 0.121875 0.640625 0.184375 0.603125 0.182812 0.53125 0.151562 0.5125 0.214062 0.457812 0.234375 0.4875 0.310938 0.382812 0.207812 0.35 0.1375 0.4 0.135938 0.45625 0.121875 0.415625 0.090625 0.440625 0.039062 0.3625 0.089062 0.379688 0.082812 0.345312 0.15 0.329688 0.16875 0.279688 0.128125 0.259375 0.084375 0.28125 0.073438 0.359375 0.026562 0.33125 0.004688 0.375 0.003125 0.267188 0.1125 0.128125
0 0.9125 0.128125 0.929688 0.128125 0.953125 0.153125 0.945312 0.165625 0.920312 0.160938 0.932812 0.179688 0.923438 0.189062 0.928125 0.184375 0.95 0.214062 0.959375 0.190625 0.979688 0.195312 0.982812 0.201562 0.976562 0.209375 0.995312 0.209375 0.995312 0.225 0.984375 0.220312 0.975 0.229688 0.975 0.239062 0.970312 0.24375 0.960938 0.2375 0.954688 0.25 0.973438 0.273438 0.975 0.260938 0.965625 0.251563 0.971875 0.246875 0.989062 0.257812 0.99375 0.226562 0.996875 0.290625 0.996875 0.126562
0 0.370312 0.140625 0.378125 0.148438 0.371875 0.154688 0.371875 0.157812 0.375 0.160938 0.378125 0.159375 0.38125 0.160938 0.385938 0.15625 0.39375 0.167188 0.398438 0.165625 0.409375 0.175 0.414062 0.170312 0.423438 0.167188 0.426562 0.164062 0.43125 0.164062 0.435938 0.159375 0.435938 0.154688 0.453125 0.142188 0.451562 0.140625 0.446875 0.145312 0.440625 0.142188 0.435938 0.14375 0.43125 0.148438 0.423438 0.14375 0.420312 0.146875 0.41875 0.145312 0.417188 0.146875 0.4125 0.142188 0.407812 0.142188 0.404688 0.145312 0.401562 0.14375 0.4 0.145312 0.396875 0.142188 0.385938 0.15 0.373438 0.139062
0 0.870312 0.14375 0.870312 0.148438 0.875 0.153125 0.875 0.15625 0.876562 0.157812 0.878125 0.157812 0.882812 0.154688 0.890625 0.1625 0.892188 0.1625 0.9 0.167188 0.903125 0.167188 0.907812 0.164062 0.9125 0.16875 0.914062 0.167188 0.914062 0.165625 0.907812 0.159375 0.907812 0.157812 0.901562 0.153125 0.9 0.153125 0.896875 0.15 0.8875 0.15 0.882812 0.145312 0.885938 0.140625 0.884375 0.139062 0.879688 0.142188 0.878125 0.140625 0.873438 0.14375 0.871875 0.142188
0 0.310938 0.171875 0.307812 0.175 0.298438 0.175 0.296875 0.176562 0.296875 0.178125 0.298438 0.179688 0.3 0.179688 0.304688 0.184375 0.303125 0.185938 0.304688 0.1875 0.303125 0.189062 0.304688 0.190625 0.304688 0.196875 0.303125 0.198438 0.30625 0.201562 0.307812 0.2 0.3125 0.2 0.314062 0.198438 0.314062 0.196875 0.317188 0.19375 0.317188 0.192188 0.320312 0.1875 0.320312 0.185938 0.314062 0.179688 0.315625 0.178125 0.315625 0.176562
1 0.604688 0.184375 0.592188 0.173438 0.589062 0.173438 0.5875 0.18125 0.590625 0.185938 0.590625 0.190625 0.584375 0.196875 0.575 0.184375 0.56875 0.184375 0.559375 0.189062 0.55625 0.1875 0.553125 0.190625 0.546875 0.184375 0.5375 0.196875 0.540625 0.2 0.540625 0.207812 0.53125 0.217188 0.53125 0.221875 0.545312 0.234375 0.54375 0.235938 0.545312 0.2375 0.554688 0.229688 0.554688 0.225 0.557812 0.220312 0.567188 0.2125 0.564062 0.209375 0.564062 0.204688 0.570312 0.198438 0.576562 0.198438 0.58125 0.203125 0.579688 0.204688 0.58125 0.207812 0.59375 0.210938 0.596875 0.2 0.59375 0.195312
0 0.10625 0.175 0.104688 0.176562 0.098438 0.176562 0.095312 0.179688 0.1 0.184375 0.09375 0.190625 0.09375 0.192188 0.096875 0.195312 0.096875 0.196875 0.098438 0.198438 0.098438 0.2 0.095312 0.203125 0.096875 0.204688 0.1 0.201562 0.098438 0.2 0.098438 0.198438 0.103125 0.19375 0.104688 0.19375 0.10625 0.195312 0.109375 0.195312 0.1125 0.198438 0.114062 0.196875 0.117188 0.196875 0.121875 0.192188 0.120312 0.190625 0.11875 0.190625 0.115625 0.19375 0.110938 0.189062 0.117188 0.182812 0.115625 0.18125 0.1125 0.18125
1 0.276562 0.207812 0.270312 0.207812 0.26875 0.209375 0.26875 0.214062 0.273438 0.21875 0.26875 0.223438 0.267188 0.221875 0.2625 0.221875 0.25 0.235938 0.251563 0.2375 0.25 0.240625 0.251563 0.24375 0.25625 0.240625 0.264062 0.246875 0.2625 0.25 0.2625 0.25625 0.264062 0.257812 0.26875 0.254688 0.271875 0.254688 0.278125 0.248438 0.28125 0.248438 0.282812 0.246875 0.282812 0.242188 0.2875 0.2375 0.285938 0.235938 0.285938 0.232812 0.290625 0.228125 0.292188 0.229688 0.29375 0.228125 0.290625 0.223438 0.284375 0.225 0.276562 0.217188 0.276562 0.214062 0.278125 0.2125 0.278125 0.209375
0 0.059375 0.2375 0.05625 0.240625 0.05625 0.242188 0.059375 0.245312 0.04375 0.2625 0.04375 0.264062 0.05 0.270312 0.046875 0.273438 0.046875 0.275 0.048438 0.276562 0.05 0.275 0.054688 0.276562 0.0625 0.267188 0.065625 0.267188 0.067188 0.265625 0.064062 0.2625 0.067188 0.259375 0.067188 0.257812 0.065625 0.25625 0.0625 0.259375 0.057812 0.254688 0.064062 0.248438 0.065625 0.25 0.067188 0.248438 0.067188 0.246875
1 0.548438 0.240625 0.546875 0.242188 0.546875 0.246875 0.55 0.25 0.55 0.251563 0.548438 0.253125 0.548438 0.259375 0.546875 0.260938 0.546875 0.264062 0.551562 0.26875 0.551562 0.270312 0.548438 0.273438 0.55 0.275 0.55 0.276562 0.551562 0.278125 0.553125 0.278125 0.55625 0.275 0.554688 0.273438 0.554688 0.271875 0.55625 0.270312 0.55625 0.26875 0.559375 0.265625 0.557812 0.264062 0.5625 0.259375 0.5625 0.25625 0.560938 0.254688 0.560938 0.251563 0.553125 0.24375 0.551562 0.24375
1 0.590625 0.251563 0.589062 0.253125 0.5875 0.253125 0.584375 0.25625 0.584375 0.259375 0.582812 0.260938 0.582812 0.2625 0.578125 0.267188 0.576562 0.267188 0.575 0.26875 0.575 0.271875 0.576562 0.273438 0.579688 0.273438 0.58125 0.275 0.582812 0.273438 0.589062 0.273438 0.590625 0.271875 0.590625 0.270312 0.59375 0.267188 0.59375 0.265625 0.596875 0.2625 0.596875 0.260938 0.595312 0.259375 0.595312 0.257812 0.59375 0.25625 0.59375 0.254688
1 0.340625 0.30625 0.335938 0.30625 0.334375 0.307812 0.334375 0.314062 0.335938 0.315625 0.334375 0.317188 0.334375 0.320312 0.329688 0.325 0.328125 0.325 0.326562 0.326562 0.325 0.325 0.320312 0.325 0.31875 0.326562 0.31875 0.329688 0.325 0.335938 0.326562 0.334375 0.33125 0.339062 0.323438 0.346875 0.328125 0.351562 0.334375 0.345312 0.334375 0.34375 0.332812 0.342188 0.334375 0.3375 0.33125 0.334375 0.332812 0.332812 0.33125 0.33125 0.334375 0.328125 0.334375 0.325 0.339062 0.320312 0.339062 0.315625 0.342188 0.3125 0.342188 0.307812
1 0.539062 0.3125 0.532812 0.307812 0.53125 0.309375 0.528125 0.307812 0.526562 0.309375 0.532812 0.315625 0.53125 0.31875 0.526562 0.323438 0.521875 0.323438 0.515625 0.326562 0.510938 0.325 0.507812 0.328125 0.503125 0.328125 0.496875 0.335938 0.496875 0.34375 0.498438 0.345312 0.501562 0.342188 0.5125 0.342188 0.514062 0.340625 0.515625 0.342188 0.517188 0.340625 0.520312 0.342188 0.525 0.3375 0.523438 0.335938 0.529688 0.329688 0.53125 0.329688 0.539062 0.320312
1 0.595312 0.3125 0.59375 0.3125 0.590625 0.309375 0.5875 0.309375 0.584375 0.3125 0.584375 0.320312 0.58125 0.323438 0.582812 0.325 0.578125 0.329688 0.576562 0.328125 0.575 0.328125 0.56875 0.334375 0.567188 0.334375 0.565625 0.335938 0.565625 0.339062 0.56875 0.342188 0.571875 0.342188 0.576562 0.345312 0.582812 0.345312 0.585938 0.342188 0.5875 0.342188 0.589062 0.340625 0.590625 0.335938 0.596875 0.329688 0.596875 0.328125 0.598438 0.326562 0.598438 0.325 0.595312 0.321875 0.598438 0.31875 0.596875 0.317188 0.596875 0.314062
1 0.275 0.445312 0.273438 0.446875 0.273438 0.50625 0.276562 0.50625 0.28125 0.510938 0.284375 0.510938 0.289062 0.50625 0.289062 0.495312 0.2875 0.49375 0.282812 0.49375 0.28125 0.492188 0.279688 0.49375 0.273438 0.4875 0.279688 0.478125 0.279688 0.476562 0.275 0.471875 0.28125 0.465625 0.28125 0.457812 0.282812 0.45625 0.276562 0.45 0.276562 0.446875
1 0.632812 0.398438 0.601562 0.404688 0.540625 0.365625 0.489062 0.384375 0.496875 0.35 0.457812 0.379688 0.4 0.36875 0.401562 0.385938 0.384375 0.382812 0.4375 0.432812 0.36875 0.453125 0.34375 0.495312 0.31875 0.503125 0.3125 0.532812 0.3375 0.539062 0.295312 0.553125 0.329688 0.554688 0.340625 0.592188 0.3 0.579688 0.279688 0.590625 0.3125 0.607812 0.310938 0.628125 0.328125 0.598438 0.357812 0.59375 0.382812 0.629688 0.420312 0.635938 0.426562 0.621875 0.442188 0.648438 0.434375 0.682812 0.476562 0.682812 0.482812 0.664062 0.514062 0.654688 0.539062 0.667188 0.573438 0.59375 0.601562 0.603125 0.654688 0.576562 0.6375 0.551562 0.667188 0.476562 0.648438 0.5 0.648438 0.45 0.615625 0.414062
1 0.273438 0.35 0.273438 0.440625 0.275 0.442188 0.276562 0.435938 0.282812 0.429688 0.282812 0.425 0.285938 0.420312 0.279688 0.4125 0.282812 0.40625 0.29375 0.398438 0.296875 0.4 0.298438 0.395312 0.310938 0.382812 0.304688 0.375 0.303125 0.376562 0.298438 0.371875 0.296875 0.365625 0.292188 0.365625 0.289062 0.3625 0.279688 0.371875 0.275 0.367188 0.276562 0.351562
0 0.275 0.445312 0.270312 0.45 0.264062 0.45 0.2625 0.451562 0.265625 0.457812 0.265625 0.4625 0.2625 0.467188 0.264062 0.46875 0.2625 0.470312 0.264062 0.475 0.2625 0.479688 0.25625 0.4875 0.257812 0.489062 0.25625 0.490625 0.25625 0.496875 0.26875 0.510938 0.273438 0.50625 0.276562 0.50625 0.28125 0.510938 0.284375 0.510938 0.289062 0.50625 0.289062 0.495312 0.28125 0.492188 0.279688 0.49375 0.273438 0.4875 0.279688 0.478125 0.275 0.471875 0.28125 0.465625 0.28125 0.457812 0.282812 0.45625 0.276562 0.45
0 0.26875 0.439062 0.25 0.439062 0.25 0.465625 0.253125 0.4625 0.253125 0.454688 0.251563 0.453125 0.257812 0.446875 0.254688 0.44375 0.259375 0.439062
1 0.689062 0.559375 0.676562 0.570312 0.675 0.578125 0.667188 0.585938 0.665625 0.590625 0.675 0.598438 0.673438 0.601562 0.675 0.609375 0.682812 0.610938 0.689062 0.617188 0.6875 0.61875 0.689062 0.623438 0.685938 0.628125 0.69375 0.634375 0.682812 0.646875 0.690625 0.653125 0.698438 0.651562 0.704688 0.645312 0.704688 0.640625 0.698438 0.632812 0.7 0.628125 0.698438 0.623438 0.70625 0.614062 0.704688 0.6125 0.707812 0.609375 0.70625 0.604688 0.714062 0.595312 0.710938 0.59375 0.7 0.598438 0.696875 0.596875 0.69375 0.6 0.6875 0.598438 0.682812 0.59375 0.685938 0.590625 0.685938 0.584375 0.689062 0.578125 0.6875 0.573438 0.69375 0.564062
0 0.059375 0.603125 0.05 0.609375 0.051562 0.610938 0.05625 0.60625 0.064062 0.6125 0.059375 0.621875 0.067188 0.623438 0.073438 0.629688 0.073438 0.648438 0.08125 0.659375 0.076562 0.664062 0.071875 0.659375 0.065625 0.665625 0.067188 0.682812 0.05625 0.692188 0.051562 0.692188 0.060938 0.69375 0.067188 0.690625 0.073438 0.696875 0.079688 0.698438 0.089062 0.692188 0.08125 0.682812 0.08125 0.678125 0.090625 0.667188 0.0875 0.6625 0.092188 0.657812 0.1 0.657812 0.101562 0.648438 0.096875 0.648438 0.090625 0.642188 0.09375 0.635938 0.092188 0.634375 0.082812 0.6375 0.076562 0.63125 0.079688 0.623438 0.076562 0.603125
1 0.225 0.65 0.215625 0.659375 0.209375 0.65 0.196875 0.657812 0.184375 0.659375 0.179688 0.654688 0.182812 0.651562 0.170312 0.64375 0.167188 0.659375 0.178125 0.676562 0.171875 0.682812 0.151562 0.682812 0.145312 0.6875 0.139062 0.6875 0.121875 0.7 0.115625 0.7 0.115625 0.710938 0.121875 0.71875 0.126562 0.714062 0.135938 0.715625 0.145312 0.729688 0.153125 0.729688 0.165625 0.714062 0.175 0.71875 0.16875 0.709375 0.182812 0.7 0.19375 0.707812 0.210938 0.692188 0.2125 0.69375 0.220312 0.682812 0.226562 0.684375 0.226562 0.676562 0.221875 0.671875 0.229688 0.664062
0 0.071875 0.720312 0.06875 0.725 0.08125 0.734375 0.082812 0.732812 0.089062 0.739062 0.084375 0.74375 0.08125 0.740625 0.075 0.745312 0.078125 0.75 0.082812 0.746875 0.0875 0.751562 0.08125 0.759375 0.076562 0.754688 0.075 0.75625 0.075 0.7625 0.076562 0.764062 0.079688 0.760938 0.090625 0.770312 0.096875 0.7625 0.098438 0.757812 0.104688 0.751562 0.098438 0.745312 0.098438 0.734375 0.101562 0.729688 0.098438 0.726562 0.09375 0.725 0.085938 0.732812 0.084375 0.73125 0.082812 0.732812 0.078125 0.728125 0.078125 0.725
0 0.973438 0.721875 0.965625 0.726562 0.975 0.7375 0.978125 0.746875 0.973438 0.751562 0.965625 0.740625 0.959375 0.745312 0.946875 0.7625 0.948438 0.765625 0.95625 0.757812 0.960938 0.7625 0.951562 0.773438 0.954688 0.778125 0.9625 0.778125 0.965625 0.775 0.965625 0.771875 0.960938 0.765625 0.967188 0.759375 0.96875 0.760938 0.975 0.759375 0.979688 0.751562 0.978125 0.75 0.982812 0.745312 0.9875 0.748438 0.992188 0.745312 0.990625 0.7375 0.989062 0.735938 0.985938 0.7375
0 0.996875 0.725 0.995312 0.809375 0.992188 0.810938 0.9875 0.807812 0.978125 0.815625 0.973438 0.815625 0.971875 0.820312 0.975 0.825 0.970312 0.829688 0.964062 0.828125 0.95625 0.832812 0.95625 0.840625 0.948438 0.848438 0.959375 0.85625 0.94375 0.867188 0.948438 0.871875 0.996875 0.871875
0 0.973438 0.721875 0.965625 0.726562 0.975 0.7375 0.978125 0.746875 0.973438 0.751562 0.965625 0.740625 0.959375 0.745312 0.946875 0.7625 0.948438 0.765625 0.95625 0.757812 0.960938 0.7625 0.951562 0.773438 0.954688 0.778125 0.9625 0.778125 0.965625 0.775 0.965625 0.771875 0.960938 0.765625 0.967188 0.759375 0.96875 0.760938 0.975 0.759375 0.979688 0.751562 0.978125 0.75 0.982812 0.745312 0.9875 0.748438 0.992188 0.745312 0.990625 0.7375 0.989062 0.735938 0.985938 0.7375
0 0.135938 0.765625 0.126562 0.765625 0.115625 0.776562 0.11875 0.785938 0.1125 0.792188 0.110938 0.790625 0.104688 0.798438 0.095312 0.789062 0.098438 0.785938 0.096875 0.784375 0.095312 0.785938 0.090625 0.78125 0.0875 0.784375 0.1 0.798438 0.1 0.807812 0.103125 0.810938 0.103125 0.814062 0.096875 0.823438 0.101562 0.83125 0.1 0.8375 0.10625 0.842188 0.1125 0.842188 0.117188 0.835938 0.114062 0.823438 0.120312 0.817188 0.120312 0.8125 0.126562 0.80625 0.128125 0.807812 0.1375 0.801562 0.135938 0.795312 0.139062 0.792188 0.1375 0.7875 0.140625 0.78125 0.135938 0.773438 0.1375 0.767188
0 0.08125 0.7625 0.084375 0.765625 0.085938 0.765625 0.090625 0.770312 0.092188 0.76875 0.092188 0.767188 0.096875 0.7625 0.096875 0.760938 0.098438 0.759375 0.08125 0.759375
0 0.209375 0.7875 0.207812 0.785938 0.201562 0.792188 0.196875 0.7875 0.19375 0.7875 0.189062 0.79375 0.190625 0.795312 0.185938 0.8 0.182812 0.796875 0.179688 0.798438 0.175 0.796875 0.173438 0.798438 0.173438 0.804688 0.170312 0.807812 0.16875 0.8125 0.170312 0.814062 0.175 0.814062 0.179688 0.810938 0.190625 0.820312 0.192188 0.820312 0.195312 0.817188 0.201562 0.820312 0.204688 0.817188 0.203125 0.815625 0.204688 0.814062 0.203125 0.810938 0.210938 0.803125 0.209375 0.801562
0 0.526562 0.7875 0.525 0.789062 0.525 0.790625 0.51875 0.796875 0.51875 0.810938 0.521875 0.814062 0.521875 0.81875 0.523438 0.820312 0.523438 0.821875 0.528125 0.826562 0.529688 0.826562 0.534375 0.821875 0.540625 0.826562 0.54375 0.826562 0.545312 0.828125 0.548438 0.825 0.548438 0.81875 0.546875 0.817188 0.548438 0.815625 0.548438 0.814062 0.553125 0.809375 0.553125 0.807812 0.554688 0.80625 0.554688 0.803125 0.54375 0.792188 0.542188 0.79375 0.534375 0.79375 0.528125 0.7875
0 0.371875 0.8 0.36875 0.803125 0.36875 0.804688 0.371875 0.807812 0.367188 0.8125 0.365625 0.810938 0.364062 0.8125 0.3625 0.810938 0.359375 0.810938 0.354688 0.815625 0.351562 0.814062 0.35 0.815625 0.351562 0.81875 0.354688 0.815625 0.3625 0.823438 0.3625 0.829688 0.365625 0.832812 0.365625 0.839062 0.371875 0.845312 0.371875 0.846875 0.36875 0.85 0.36875 0.851562 0.371875 0.854688 0.376562 0.85 0.376562 0.845312 0.379688 0.840625 0.379688 0.823438 0.371875 0.815625 0.373438 0.8125 0.373438 0.809375 0.370312 0.80625 0.373438 0.801562
