1 0.046875 0.620312 0.042188 0.635938 0.048438 0.645312 0.04375 0.65 0.046875 0.664062 0.040625 0.682812 0.045312 0.6875 0.051562 0.673438 0.059375 0.678125 0.05 0.695312 0.071875 0.710938 0.075 0.71875 0.06875 0.726562 0.084375 0.739062 0.079688 0.745312 0.09375 0.757812 0.095312 0.76875 0.085938 0.771875 0.084375 0.779688 0.1 0.801562 0.110938 0.798438 0.115625 0.803125 0.109375 0.814062 0.125 0.825 0.128125 0.835938 0.145312 0.832812 0.153125 0.84375 0.146875 0.85 0.1375 0.845312 0.146875 0.864062 0.154688 0.854688 0.171875 0.85625 0.18125 0.864062 0.182812 0.853125 0.176562 0.854688 0.132812 0.795312 0.117188 0.7875 0.109375 0.753125 0.0875 0.734375 0.092188 0.728125 0.078125 0.7125 0.073438 0.685938 0.0625 0.676562 0.054688 0.653125 0.057812 0.635938
1 0.032812 0.539062 0.03125 0.540625 0.03125 0.546875 0.025 0.553125 0.023438 0.551562 0.01875 0.55625 0.01875 0.557812 0.021875 0.560938 0.01875 0.564062 0.020312 0.565625 0.01875 0.567188 0.01875 0.571875 0.020312 0.573438 0.023438 0.570312 0.025 0.570312 0.034375 0.578125 0.034375 0.584375 0.03125 0.5875 0.03125 0.589062 0.034375 0.592188 0.034375 0.595312 0.0375 0.598438 0.040625 0.598438 0.045312 0.59375 0.045312 0.590625 0.042188 0.5875 0.04375 0.585938 0.040625 0.582812 0.040625 0.578125 0.0375 0.575 0.039062 0.573438 0.039062 0.551562 0.035938 0.546875 0.035938 0.542188
1 0.25 0.498438 0.24375 0.504687 0.242188 0.504687 0.240625 0.50625 0.240625 0.5125 0.242188 0.514062 0.242188 0.515625 0.24375 0.517188 0.24375 0.51875 0.245312 0.520312 0.245312 0.521875 0.248438 0.525 0.248438 0.529688 0.25 0.53125 0.25 0.540625
1 0.0375 0.440625 0.035938 0.440625 0.03125 0.445312 0.03125 0.446875 0.034375 0.45 0.03125 0.453125 0.03125 0.45625 0.025 0.464062 0.03125 0.470312 0.028125 0.473438 0.032812 0.478125 0.034375 0.478125 0.039062 0.473438 0.039062 0.46875 0.0375 0.467188 0.0375 0.465625 0.039062 0.464062 0.039062 0.459375 0.0375 0.457812 0.040625 0.454688 0.040625 0.451562 0.039062 0.45 0.039062 0.446875 0.0375 0.445312 0.039062 0.44375 0.039062 0.442188
1 0.153125 0.160938 0.151562 0.1625 0.15625 0.167188 0.15625 0.16875 0.15 0.175 0.14375 0.16875 0.1375 0.175 0.135938 0.175 0.134375 0.176562 0.134375 0.18125 0.135938 0.182812 0.134375 0.184375 0.135938 0.185938 0.132812 0.189062 0.132812 0.190625 0.134375 0.192188 0.135938 0.190625 0.140625 0.195312 0.148438 0.1875 0.148438 0.185938 0.160938 0.173438 0.160938 0.171875 0.1625 0.170312 0.1625 0.16875 0.159375 0.165625 0.157812 0.165625
1 0.001562 0.126562 0.0 0.870312 0.214062 0.870312 0.003125 0.86875 0.003125 0.129688 0.24375 0.128125
1 0.946875 0.198438 0.945312 0.2 0.946875 0.201562 0.945312 0.204688 0.951562 0.210938 0.951562 0.215625 0.945312 0.221875 0.940625 0.21875 0.935938 0.221875 0.9375 0.223438 0.942188 0.223438 0.953125 0.234375 0.957812 0.240625 0.957812 0.245312 0.967188 0.259375 0.970312 0.25625 0.971875 0.257812 0.979688 0.25 0.973438 0.240625 0.975 0.239062 0.973438 0.232812 0.96875 0.23125 0.964062 0.235938 0.959375 0.234375 0.954688 0.229688 0.954688 0.221875 0.957812 0.217188 0.954688 0.2125 0.954688 0.209375 0.951562 0.20625 0.951562 0.201562
1 0.823438 0.128125 0.8625 0.128125 0.859375 0.140625 0.875 0.146875 0.875 0.159375 0.884375 0.154688 0.895312 0.173438 0.917188 0.173438 0.914062 0.185938 0.928125 0.2 0.9375 0.195312 0.885938 0.129688 0.995312 0.129688 0.995312 0.278125 0.985938 0.265625 0.982812 0.2875 0.967188 0.270312 0.985938 0.3 0.995312 0.282812 0.996875 0.454688 0.996875 0.126562
1 0.153125 0.160938 0.151562 0.1625 0.15625 0.167188 0.15625 0.16875 0.15 0.175 0.14375 0.16875 0.1375 0.175 0.135938 0.175 0.134375 0.176562 0.134375 0.18125 0.135938 0.182812 0.134375 0.184375 0.135938 0.185938 0.132812 0.189062 0.132812 0.190625 0.134375 0.192188 0.135938 0.190625 0.140625 0.195312 0.148438 0.1875 0.148438 0.185938 0.160938 0.173438 0.160938 0.171875 0.1625 0.170312 0.1625 0.16875 0.159375 0.165625 0.157812 0.165625
1 0.946875 0.198438 0.945312 0.2 0.946875 0.201562 0.945312 0.204688 0.951562 0.210938 0.951562 0.215625 0.945312 0.221875 0.940625 0.21875 0.935938 0.221875 0.9375 0.223438 0.942188 0.223438 0.953125 0.234375 0.957812 0.240625 0.957812 0.245312 0.967188 0.259375 0.970312 0.25625 0.971875 0.257812 0.979688 0.25 0.973438 0.240625 0.975 0.239062 0.973438 0.232812 0.96875 0.23125 0.964062 0.235938 0.959375 0.234375 0.954688 0.229688 0.954688 0.221875 0.957812 0.217188 0.954688 0.2125 0.954688 0.209375 0.951562 0.20625 0.951562 0.201562
1 0.628125 0.29375 0.601562 0.284375 0.589062 0.304688 0.573438 0.295312 0.579688 0.282812 0.542188 0.278125 0.395312 0.3 0.365625 0.329688 0.34375 0.38125 0.271875 0.440625 0.265625 0.475 0.240625 0.50625 0.25 0.540625 0.292188 0.576562 0.320312 0.573438 0.340625 0.634375 0.3875 0.670312 0.43125 0.667188 0.453125 0.685938 0.496875 0.682812 0.567188 0.629688 0.678125 0.584375 0.6875 0.567188 0.667188 0.489062 0.728125 0.467188 0.735938 0.429688 0.723438 0.39375 0.690625 0.390625 0.659375 0.35625
0 0.0375 0.440625 0.035938 0.440625 0.03125 0.445312 0.03125 0.446875 0.034375 0.45 0.03125 0.453125 0.03125 0.45625 0.025 0.464062 0.03125 0.470312 0.028125 0.473438 0.032812 0.478125 0.034375 0.478125 0.039062 0.473438 0.039062 0.46875 0.0375 0.467188 0.0375 0.465625 0.039062 0.464062 0.039062 0.459375 0.0375 0.457812 0.040625 0.454688 0.040625 0.451562 0.039062 0.45 0.039062 0.446875 0.0375 0.445312 0.039062 0.44375 0.039062 0.442188
1 0.845312 0.846875 0.845312 0.86875 0.848438 0.86875 0.851562 0.865625 0.854688 0.865625 0.85625 0.867188 0.857812 0.865625 0.857812 0.860938 0.854688 0.857812 0.857812 0.854688 0.857812 0.85 0.854688 0.846875
1 0.982812 0.760938 0.98125 0.759375 0.978125 0.7625 0.975 0.760938 0.96875 0.767188 0.964062 0.7625 0.9625 0.7625 0.959375 0.765625 0.960938 0.767188 0.957812 0.770312 0.957812 0.771875 0.953125 0.776562 0.951562 0.775 0.948438 0.775 0.935938 0.7875 0.935938 0.790625 0.934375 0.792188 0.935938 0.79375 0.9375 0.792188 0.940625 0.79375 0.942188 0.792188 0.946875 0.792188 0.951562 0.789062 0.954688 0.789062 0.95625 0.790625 0.964062 0.78125 0.965625 0.78125 0.970312 0.785938 0.973438 0.785938 0.979688 0.779688 0.979688 0.773438 0.982812 0.770312
1 0.996875 0.48125 0.995312 0.739062 0.984375 0.720312 0.970312 0.746875 0.995312 0.748438 0.995312 0.86875 0.903125 0.86875 0.914062 0.845312 0.920312 0.854688 0.939062 0.834375 0.915625 0.835938 0.945312 0.80625 0.935938 0.801562 0.884375 0.854688 0.898438 0.870312 0.851562 0.870312 0.998438 0.870312
0 0.032812 0.539062 0.03125 0.540625 0.03125 0.546875 0.025 0.553125 0.023438 0.551562 0.01875 0.55625 0.01875 0.557812 0.021875 0.560938 0.01875 0.564062 0.020312 0.565625 0.01875 0.567188 0.01875 0.571875 0.020312 0.573438 0.023438 0.570312 0.025 0.570312 0.034375 0.578125 0.034375 0.584375 0.03125 0.5875 0.03125 0.589062 0.034375 0.592188 0.034375 0.595312 0.0375 0.598438 0.040625 0.598438 0.045312 0.59375 0.045312 0.590625 0.042188 0.5875 0.04375 0.585938 0.040625 0.582812 0.040625 0.578125 0.0375 0.575 0.039062 0.573438 0.039062 0.551562 0.035938 0.546875 0.035938 0.542188
1 0.046875 0.620312 0.042188 0.635938 0.048438 0.645312 0.04375 0.65 0.046875 0.664062 0.040625 0.682812 0.045312 0.6875 0.051562 0.673438 0.059375 0.678125 0.05 0.695312 0.071875 0.710938 0.075 0.71875 0.06875 0.726562 0.084375 0.739062 0.079688 0.745312 0.09375 0.757812 0.095312 0.76875 0.085938 0.771875 0.084375 0.779688 0.1 0.801562 0.110938 0.798438 0.115625 0.803125 0.109375 0.814062 0.125 0.825 0.128125 0.835938 0.145312 0.832812 0.153125 0.84375 0.146875 0.85 0.1375 0.845312 0.146875 0.864062 0.154688 0.854688 0.171875 0.85625 0.18125 0.864062 0.182812 0.853125 0.176562 0.854688 0.132812 0.795312 0.117188 0.7875 0.109375 0.753125 0.0875 0.734375 0.092188 0.728125 0.078125 0.7125 0.073438 0.685938 0.0625 0.676562 0.054688 0.653125 0.057812 0.635938
1 0.982812 0.760938 0.98125 0.759375 0.978125 0.7625 0.975 0.760938 0.96875 0.767188 0.964062 0.7625 0.9625 0.7625 0.959375 0.765625 0.960938 0.767188 0.957812 0.770312 0.957812 0.771875 0.953125 0.776562 0.951562 0.775 0.948438 0.775 0.935938 0.7875 0.935938 0.790625 0.934375 0.792188 0.935938 0.79375 0.9375 0.792188 0.940625 0.79375 0.942188 0.792188 0.946875 0.792188 0.951562 0.789062 0.954688 0.789062 0.95625 0.790625 0.964062 0.78125 0.965625 0.78125 0.970312 0.785938 0.973438 0.785938 0.979688 0.779688 0.979688 0.773438 0.982812 0.770312
1 0.854688 0.846875 0.840625 0.846875 0.834375 0.853125 0.832812 0.853125 0.83125 0.854688 0.83125 0.85625 0.834375 0.859375 0.826562 0.867188 0.828125 0.86875 0.829688 0.86875 0.834375 0.871875 0.839062 0.871875 0.84375 0.86875 0.848438 0.86875 0.851562 0.865625 0.854688 0.865625 0.85625 0.867188 0.857812 0.865625 0.857812 0.860938 0.854688 0.857812 0.857812 0.854688 0.857812 0.85
