1 0.703125 0.221875 0.696875 0.2125 0.684375 0.207812 0.673438 0.21875 0.665625 0.221875 0.651562 0.221875 0.65 0.220312 0.646875 0.223438 0.63125 0.2125 0.621875 0.220312 0.617188 0.215625 0.614062 0.215625 0.6125 0.221875 0.609375 0.225 0.614062 0.229688 0.620312 0.229688 0.626562 0.235938 0.648438 0.23125 0.6625 0.242188 0.659375 0.246875 0.670312 0.257812 0.678125 0.246875 0.676562 0.242188 0.682812 0.235938 0.689062 0.234375 0.690625 0.235938
1 0.6 0.190625 0.620312 0.182812 0.659375 0.1875 0.675 0.182812 0.690625 0.184375 0.70625 0.196875 0.73125 0.20625 0.748438 0.225 0.75 0.234375 0.775 0.2625 0.779688 0.259375 0.754688 0.229688 0.754688 0.221875 0.739062 0.207812 0.7375 0.201562 0.73125 0.201562 0.723438 0.19375 0.7125 0.195312 0.69375 0.18125 0.673438 0.176562 0.660938 0.179688 0.651562 0.176562 0.634375 0.18125 0.6125 0.18125
1 0.496875 0.278125 0.490625 0.284375 0.490625 0.2875 0.489062 0.289062 0.489062 0.292188 0.4875 0.29375 0.4875 0.298438 0.484375 0.301562 0.509375 0.301562 0.504687 0.296875 0.504687 0.290625 0.501562 0.2875 0.501562 0.285938 0.498438 0.282812 0.498438 0.279688
1 0.521875 0.265625 0.520312 0.26875 0.514062 0.275 0.514062 0.2875 0.51875 0.29375 0.51875 0.295312 0.5125 0.301562 0.540625 0.301562 0.545312 0.296875 0.545312 0.29375 0.548438 0.290625 0.546875 0.289062 0.5375 0.298438 0.532812 0.29375 0.532812 0.292188 0.535938 0.289062 0.534375 0.2875 0.535938 0.282812 0.529688 0.276562 0.529688 0.275 0.523438 0.26875
1 0.55 0.264062 0.55 0.265625 0.560938 0.275 0.557812 0.28125 0.559375 0.282812 0.5625 0.279688 0.564062 0.279688 0.56875 0.284375 0.570312 0.282812 0.571875 0.284375 0.575 0.28125 0.576562 0.282812 0.584375 0.282812 0.589062 0.278125 0.590625 0.279688 0.592188 0.278125 0.595312 0.278125 0.598438 0.28125 0.598438 0.267188 0.596875 0.265625 0.595312 0.267188 0.592188 0.265625 0.5875 0.265625 0.584375 0.26875 0.584375 0.273438 0.579688 0.278125 0.578125 0.278125 0.573438 0.273438 0.573438 0.26875 0.571875 0.267188 0.571875 0.2625 0.573438 0.260938 0.571875 0.259375 0.571875 0.253125 0.570312 0.251563 0.56875 0.251563 0.564062 0.25625 0.565625 0.257812 0.560938 0.2625 0.55625 0.260938
1 0.592188 0.195312 0.5875 0.192188 0.570312 0.195312 0.542188 0.210938 0.539062 0.207812 0.492188 0.235938 0.48125 0.229688 0.470312 0.2375 0.439062 0.239062 0.417188 0.259375 0.403125 0.267188 0.39375 0.265625 0.382812 0.278125 0.376562 0.276562 0.370312 0.284375 0.365625 0.282812 0.354688 0.290625 0.346875 0.2875 0.342188 0.29375 0.359375 0.29375 0.41875 0.264062 0.435938 0.25 0.464062 0.245312 0.470312 0.239062 0.4875 0.24375 0.496875 0.240625 0.520312 0.223438 0.565625 0.203125 0.578125 0.204688
1 0.703125 0.221875 0.696875 0.2125 0.684375 0.207812 0.673438 0.21875 0.665625 0.221875 0.651562 0.221875 0.65 0.220312 0.646875 0.223438 0.63125 0.2125 0.621875 0.220312 0.617188 0.215625 0.614062 0.215625 0.6125 0.221875 0.609375 0.225 0.614062 0.229688 0.620312 0.229688 0.626562 0.235938 0.648438 0.23125 0.6625 0.242188 0.659375 0.246875 0.670312 0.257812 0.678125 0.246875 0.676562 0.242188 0.682812 0.235938 0.689062 0.234375 0.690625 0.235938
0 0.55 0.264062 0.560938 0.275 0.559375 0.282812 0.5625 0.279688 0.56875 0.284375 0.575 0.28125 0.584375 0.282812 0.589062 0.278125 0.595312 0.278125 0.603125 0.284375 0.615625 0.28125 0.623438 0.292188 0.615625 0.3 0.609375 0.29375 0.601562 0.296875 0.595312 0.289062 0.59375 0.290625 0.601562 0.30625 0.609375 0.3 0.648438 0.303125 0.639062 0.295312 0.64375 0.278125 0.629688 0.265625 0.61875 0.278125 0.609375 0.276562 0.596875 0.265625 0.5875 0.265625 0.584375 0.273438 0.578125 0.278125 0.573438 0.273438 0.570312 0.251563 0.560938 0.2625 0.55625 0.260938
0 0.675 0.2625 0.673438 0.264062 0.678125 0.26875 0.673438 0.273438 0.670312 0.273438 0.66875 0.275 0.671875 0.278125 0.671875 0.282812 0.68125 0.29375 0.68125 0.296875 0.684375 0.3 0.685938 0.3 0.6875 0.298438 0.685938 0.295312 0.69375 0.2875 0.696875 0.289062 0.7 0.289062 0.703125 0.285938 0.7 0.282812 0.698438 0.284375 0.689062 0.284375 0.6875 0.285938 0.684375 0.284375 0.678125 0.278125 0.678125 0.273438 0.685938 0.265625 0.682812 0.2625
1 0.548438 0.290625 0.546875 0.289062 0.5375 0.298438 0.532812 0.29375 0.535938 0.289062 0.534375 0.2875 0.535938 0.282812 0.521875 0.265625 0.514062 0.275 0.514062 0.2875 0.51875 0.295312 0.510938 0.303125 0.504687 0.296875 0.504687 0.290625 0.496875 0.278125 0.490625 0.284375 0.4875 0.298438 0.48125 0.304688 0.473438 0.301562 0.471875 0.30625 0.476562 0.309375 0.482812 0.304688 0.485938 0.307812 0.492188 0.307812 0.495312 0.310938 0.5 0.309375 0.50625 0.3125 0.520312 0.301562 0.525 0.30625 0.526562 0.3125 0.525 0.315625 0.529688 0.31875 0.534375 0.314062 0.535938 0.30625
1 0.79375 0.357812 0.79375 0.370312 0.804688 0.370312 0.804688 0.360938 0.803125 0.359375 0.8 0.359375 0.798438 0.360938 0.796875 0.360938
1 0.801562 0.289062 0.8 0.290625 0.801562 0.292188 0.8 0.295312 0.8 0.30625 0.81875 0.334375 0.829688 0.342188 0.83125 0.346875 0.839062 0.35625 0.846875 0.359375 0.851562 0.364062 0.854688 0.360938 0.857812 0.364062 0.860938 0.359375 0.857812 0.35625 0.851562 0.357812 0.845312 0.353125 0.842188 0.353125 0.8375 0.348438 0.828125 0.332812 0.81875 0.323438 0.820312 0.31875 0.809375 0.310938 0.809375 0.307812 0.803125 0.3 0.803125 0.295312 0.801562 0.29375 0.803125 0.290625
1 0.214062 0.696875 0.215625 0.698438 0.217188 0.696875 0.21875 0.698438 0.220312 0.696875 0.223438 0.698438 0.229688 0.695312 0.23125 0.696875 0.240625 0.696875 0.242188 0.698438 0.246875 0.698438 0.25 0.7 0.260938 0.710938 0.276562 0.710938 0.26875 0.703125 0.267188 0.704688 0.264062 0.704688 0.259375 0.7 0.257812 0.701562 0.254688 0.7 0.246875 0.692188 0.240625 0.692188 0.239062 0.69375 0.23125 0.69375 0.229688 0.695312 0.228125 0.69375 0.225 0.69375 0.220312 0.696875 0.21875 0.695312 0.217188 0.696875 0.215625 0.695312
1 0.135938 0.667188 0.135938 0.66875 0.142188 0.675 0.145312 0.675 0.146875 0.676562 0.153125 0.676562 0.15625 0.679688 0.157812 0.678125 0.160938 0.678125 0.165625 0.682812 0.16875 0.682812 0.170312 0.684375 0.171875 0.684375 0.173438 0.682812 0.16875 0.678125 0.16875 0.676562 0.171875 0.673438 0.165625 0.667188 0.164062 0.66875 0.1625 0.66875 0.157812 0.673438 0.151562 0.673438 0.148438 0.670312 0.14375 0.670312 0.142188 0.66875 0.140625 0.66875 0.1375 0.665625
1 0.215625 0.65 0.21875 0.653125 0.21875 0.664062 0.225 0.670312 0.226562 0.670312 0.229688 0.667188 0.232812 0.667188 0.239062 0.660938 0.246875 0.660938 0.248438 0.659375 0.248438 0.65625 0.246875 0.654688 0.248438 0.653125 0.248438 0.65 0.25 0.648438 0.246875 0.64375 0.232812 0.64375 0.23125 0.642188 0.229688 0.64375 0.228125 0.642188 0.226562 0.64375 0.221875 0.640625 0.21875 0.64375 0.220312 0.645312
1 0.089062 0.609375 0.0875 0.610938 0.095312 0.620312 0.098438 0.620312 0.101562 0.617188 0.110938 0.621875 0.114062 0.621875 0.11875 0.626562 0.120312 0.629688 0.11875 0.6375 0.121875 0.64375 0.121875 0.653125 0.129688 0.660938 0.13125 0.659375 0.129688 0.657812 0.132812 0.654688 0.123438 0.64375 0.123438 0.626562 0.121875 0.625 0.125 0.61875 0.123438 0.614062 0.121875 0.6125 0.120312 0.614062 0.115625 0.610938 0.1125 0.614062 0.110938 0.6125 0.109375 0.614062 0.107812 0.6125 0.10625 0.614062 0.096875 0.615625 0.090625 0.609375
1 0.464062 0.559375 0.460938 0.5625 0.4625 0.564062 0.4625 0.567188 0.454688 0.575 0.45625 0.576562 0.459375 0.576562 0.46875 0.585938 0.46875 0.5875 0.471875 0.590625 0.473438 0.589062 0.475 0.589062 0.479688 0.59375 0.478125 0.595312 0.479688 0.596875 0.479688 0.601562 0.48125 0.603125 0.482812 0.603125 0.4875 0.598438 0.482812 0.59375 0.482812 0.590625 0.476562 0.584375 0.476562 0.58125 0.48125 0.576562 0.48125 0.575 0.476562 0.56875 0.471875 0.573438 0.464062 0.564062 0.465625 0.5625 0.465625 0.560938
1 0.41875 0.559375 0.415625 0.5625 0.420312 0.567188 0.421875 0.573438 0.425 0.576562 0.428125 0.573438 0.432812 0.578125 0.43125 0.579688 0.432812 0.58125 0.428125 0.585938 0.421875 0.58125 0.415625 0.585938 0.41875 0.590625 0.421875 0.589062 0.426562 0.59375 0.43125 0.592188 0.4375 0.598438 0.440625 0.596875 0.44375 0.6 0.446875 0.596875 0.45 0.598438 0.453125 0.596875 0.457812 0.601562 0.45625 0.603125 0.45625 0.609375 0.459375 0.6125 0.465625 0.601562 0.4625 0.598438 0.459375 0.6 0.445312 0.5875 0.448438 0.582812 0.446875 0.58125 0.451562 0.575 0.442188 0.565625 0.442188 0.559375 0.439062 0.55625 0.425 0.55625 0.421875 0.559375
1 0.598438 0.496875 0.592188 0.501562 0.5875 0.496875 0.585938 0.498438 0.5875 0.5 0.585938 0.503125 0.5875 0.504687 0.5875 0.509375 0.590625 0.5125 0.590625 0.520312 0.584375 0.528125 0.58125 0.528125 0.578125 0.525 0.571875 0.53125 0.573438 0.534375 0.56875 0.539062 0.575 0.54375 0.576562 0.542188 0.582812 0.542188 0.5875 0.546875 0.59375 0.542188 0.596875 0.54375 0.601562 0.539062 0.6 0.535938 0.592188 0.529688 0.596875 0.523438 0.595312 0.521875 0.604688 0.514062 0.607812 0.514062 0.610938 0.510938 0.615625 0.510938 0.617188 0.509375 0.6125 0.50625 0.609375 0.50625
1 0.626562 0.4875 0.621875 0.492188 0.621875 0.49375 0.625 0.496875 0.625 0.5 0.626562 0.501562 0.625 0.503125 0.625 0.504687 0.620312 0.509375 0.621875 0.510938 0.623438 0.510938 0.628125 0.50625 0.63125 0.509375 0.632812 0.507812 0.635938 0.510938 0.6375 0.510938 0.642188 0.50625 0.642188 0.501562 0.639062 0.498438 0.6375 0.5 0.635938 0.5 0.629688 0.49375 0.629688 0.492188 0.632812 0.489062 0.63125 0.4875 0.629688 0.4875 0.628125 0.489062
1 0.389062 0.4875 0.378125 0.4875 0.371875 0.48125 0.360938 0.484375 0.354688 0.478125 0.348438 0.482812 0.342188 0.476562 0.33125 0.478125 0.351562 0.49375 0.340625 0.509375 0.35 0.515625 0.35 0.525 0.34375 0.53125 0.334375 0.532812 0.326562 0.551562 0.31875 0.545312 0.310938 0.557812 0.325 0.56875 0.335938 0.592188 0.342188 0.5875 0.33125 0.571875 0.351562 0.548438 0.364062 0.567188 0.3875 0.576562 0.375 0.567188 0.376562 0.557812 0.385938 0.548438 0.398438 0.551562 0.401562 0.54375 0.396875 0.545312 0.389062 0.535938 0.389062 0.514062 0.378125 0.515625 0.373438 0.504687 0.392188 0.492188
1 0.2 0.384375 0.2 0.385938 0.20625 0.392188 0.209375 0.389062 0.210938 0.389062 0.215625 0.39375 0.210938 0.398438 0.209375 0.398438 0.207812 0.396875 0.204688 0.4 0.20625 0.401562 0.214062 0.401562 0.217188 0.404688 0.220312 0.401562 0.226562 0.401562 0.229688 0.404688 0.232812 0.401562 0.232812 0.4 0.223438 0.392188 0.226562 0.389062 0.226562 0.38125 0.223438 0.378125 0.220312 0.38125 0.21875 0.379688 0.215625 0.379688 0.2125 0.376562 0.207812 0.38125 0.20625 0.38125 0.204688 0.382812 0.201562 0.382812
1 0.5 0.35 0.498438 0.351562 0.5 0.35625 0.496875 0.359375 0.496875 0.3625 0.498438 0.364062 0.503125 0.359375 0.504687 0.360938 0.509375 0.360938 0.517188 0.370312 0.510938 0.376562 0.515625 0.38125 0.515625 0.382812 0.510938 0.3875 0.50625 0.382812 0.504687 0.384375 0.509375 0.389062 0.510938 0.3875 0.5125 0.389062 0.515625 0.385938 0.51875 0.385938 0.523438 0.389062 0.528125 0.384375 0.528125 0.38125 0.532812 0.376562 0.528125 0.371875 0.523438 0.375 0.51875 0.370312 0.520312 0.367188 0.510938 0.35625 0.510938 0.351562 0.509375 0.35 0.507812 0.351562 0.50625 0.35 0.504687 0.351562 0.503125 0.35 0.501562 0.351562
1 0.495312 0.329688 0.48125 0.340625 0.476562 0.354688 0.459375 0.367188 0.4625 0.371875 0.457812 0.376562 0.460938 0.382812 0.457812 0.3875 0.459375 0.389062 0.4625 0.385938 0.465625 0.389062 0.471875 0.385938 0.48125 0.39375 0.478125 0.403125 0.4875 0.409375 0.4875 0.421875 0.484375 0.425 0.4875 0.428125 0.49375 0.423438 0.503125 0.426562 0.503125 0.421875 0.517188 0.4125 0.503125 0.401562 0.504687 0.39375 0.496875 0.385938 0.5 0.382812 0.496875 0.379688 0.496875 0.373438 0.4875 0.384375 0.479688 0.373438 0.471875 0.375 0.467188 0.370312 0.476562 0.357812 0.48125 0.357812 0.492188 0.346875 0.490625 0.34375 0.498438 0.3375
1 0.578125 0.315625 0.575 0.315625 0.571875 0.31875 0.565625 0.3125 0.564062 0.314062 0.5625 0.3125 0.560938 0.314062 0.559375 0.3125 0.557812 0.314062 0.55625 0.3125 0.554688 0.314062 0.559375 0.31875 0.559375 0.323438 0.55 0.332812 0.546875 0.33125 0.542188 0.33125 0.539062 0.335938 0.54375 0.342188 0.54375 0.346875 0.546875 0.35 0.55 0.35 0.55625 0.353125 0.560938 0.348438 0.570312 0.34375 0.578125 0.335938 0.578125 0.334375 0.575 0.33125 0.56875 0.33125 0.564062 0.326562 0.571875 0.31875 0.578125 0.323438 0.579688 0.321875 0.578125 0.320312 0.579688 0.317188
1 0.26875 0.3125 0.246875 0.321875 0.260938 0.334375 0.254688 0.34375 0.246875 0.34375 0.2375 0.35 0.229688 0.346875 0.226562 0.35 0.215625 0.339062 0.204688 0.339062 0.189062 0.351562 0.171875 0.371875 0.165625 0.373438 0.154688 0.384375 0.15625 0.385938 0.175 0.373438 0.176562 0.367188 0.185938 0.357812 0.190625 0.357812 0.207812 0.339062 0.2125 0.340625 0.223438 0.354688 0.2375 0.359375 0.25 0.373438 0.254688 0.371875 0.264062 0.3625 0.273438 0.34375 0.273438 0.339062 0.265625 0.33125 0.265625 0.325 0.260938 0.320312
1 0.440625 0.307812 0.4375 0.310938 0.4375 0.31875 0.434375 0.321875 0.434375 0.328125 0.4375 0.329688 0.446875 0.340625 0.44375 0.34375 0.445312 0.345312 0.44375 0.346875 0.44375 0.35 0.445312 0.351562 0.44375 0.354688 0.446875 0.357812 0.44375 0.3625 0.445312 0.364062 0.448438 0.364062 0.45 0.3625 0.448438 0.360938 0.451562 0.357812 0.451562 0.35 0.45625 0.345312 0.460938 0.345312 0.465625 0.35 0.467188 0.35 0.471875 0.345312 0.471875 0.342188 0.470312 0.340625 0.453125 0.340625 0.446875 0.334375 0.45 0.326562 0.453125 0.323438 0.453125 0.320312 0.451562 0.31875 0.451562 0.314062 0.448438 0.310938
1 0.08125 0.526562 0.18125 0.551562 0.182812 0.639062 0.217188 0.589062 0.325 0.675 0.389062 0.651562 0.389062 0.7 0.478125 0.65625 0.6625 0.7 0.748438 0.584375 0.79375 0.615625 0.803125 0.489062 0.748438 0.448438 0.823438 0.4 0.75 0.334375 0.690625 0.378125 0.715625 0.323438 0.660938 0.309375 0.526562 0.465625 0.425 0.389062 0.51875 0.55 0.55625 0.448438 0.576562 0.4875 0.614062 0.407812 0.654688 0.614062 0.6375 0.546875 0.364062 0.646875 0.298438 0.557812 0.239062 0.567188 0.289062 0.489062 0.223438 0.46875 0.329688 0.389062 0.404688 0.425 0.370312 0.30625 0.2125 0.460938 0.1625 0.4 0.125 0.442188 0.175 0.4875
1 0.8 0.3 0.8 0.30625 0.801562 0.307812 0.801562 0.309375 0.80625 0.314062 0.80625 0.315625 0.809375 0.31875 0.809375 0.320312 0.8125 0.323438 0.8125 0.325 0.815625 0.328125 0.815625 0.329688 0.81875 0.332812 0.81875 0.334375 0.820312 0.335938 0.825 0.3375 0.829688 0.342188 0.829688 0.34375 0.829688 0.335938 0.828125 0.334375 0.828125 0.332812 0.81875 0.323438 0.820312 0.31875 0.817188 0.315625 0.814062 0.315625 0.809375 0.310938 0.809375 0.307812 0.804688 0.303125 0.804688 0.301562 0.803125 0.3
1 0.471875 0.30625 0.476562 0.309375 0.482812 0.304688 0.485938 0.307812 0.492188 0.307812 0.495312 0.310938 0.496875 0.309375 0.5 0.309375 0.50625 0.3125 0.51875 0.301562 0.520312 0.301562 0.525 0.30625 0.525 0.310938 0.526562 0.3125 0.525 0.315625 0.529688 0.31875 0.534375 0.314062 0.535938 0.30625 0.542188 0.3 0.514062 0.3 0.510938 0.303125 0.507812 0.3 0.485938 0.3 0.48125 0.304688 0.476562 0.301562 0.473438 0.301562 0.471875 0.303125
0 0.478125 0.35 0.478125 0.351562 0.476562 0.353125 0.476562 0.354688 0.470312 0.360938 0.46875 0.359375 0.467188 0.359375 0.459375 0.367188 0.4625 0.370312 0.467188 0.370312 0.467188 0.36875 0.470312 0.365625 0.470312 0.364062 0.476562 0.357812 0.478125 0.357812
0 0.440625 0.307812 0.4375 0.310938 0.4375 0.31875 0.434375 0.321875 0.434375 0.328125 0.4375 0.329688 0.446875 0.340625 0.44375 0.34375 0.445312 0.345312 0.44375 0.346875 0.44375 0.35 0.445312 0.351562 0.44375 0.354688 0.446875 0.357812 0.44375 0.3625 0.445312 0.364062 0.448438 0.364062 0.45 0.3625 0.448438 0.360938 0.451562 0.357812 0.451562 0.35 0.45625 0.345312 0.460938 0.345312 0.465625 0.35 0.467188 0.35 0.471875 0.345312 0.471875 0.342188 0.470312 0.340625 0.453125 0.340625 0.446875 0.334375 0.45 0.326562 0.453125 0.323438 0.453125 0.320312 0.451562 0.31875 0.451562 0.314062 0.448438 0.310938
1 0.2 0.384375 0.2 0.385938 0.20625 0.392188 0.209375 0.389062 0.210938 0.389062 0.214062 0.392188 0.223438 0.392188 0.226562 0.389062 0.226562 0.38125 0.223438 0.378125 0.220312 0.38125 0.21875 0.379688 0.215625 0.379688 0.2125 0.376562 0.207812 0.38125 0.20625 0.38125 0.204688 0.382812 0.201562 0.382812
1 0.279688 0.375 0.278125 0.376562 0.278125 0.379688 0.270312 0.3875 0.267188 0.3875 0.2625 0.392188 0.279688 0.392188
1 0.26875 0.3125 0.246875 0.321875 0.260938 0.334375 0.254688 0.34375 0.246875 0.34375 0.2375 0.35 0.229688 0.346875 0.226562 0.35 0.215625 0.339062 0.204688 0.339062 0.189062 0.351562 0.171875 0.371875 0.165625 0.373438 0.154688 0.384375 0.15625 0.385938 0.175 0.373438 0.176562 0.367188 0.185938 0.357812 0.190625 0.357812 0.207812 0.339062 0.2125 0.340625 0.223438 0.354688 0.2375 0.359375 0.25 0.373438 0.254688 0.371875 0.264062 0.3625 0.273438 0.34375 0.273438 0.339062 0.265625 0.33125 0.265625 0.325 0.260938 0.320312
0 0.578125 0.315625 0.575 0.315625 0.571875 0.31875 0.565625 0.3125 0.564062 0.314062 0.5625 0.3125 0.560938 0.314062 0.559375 0.3125 0.557812 0.314062 0.55625 0.3125 0.554688 0.314062 0.559375 0.31875 0.559375 0.323438 0.55 0.332812 0.546875 0.33125 0.542188 0.33125 0.539062 0.335938 0.54375 0.342188 0.54375 0.346875 0.546875 0.35 0.55 0.35 0.55625 0.353125 0.560938 0.348438 0.570312 0.34375 0.578125 0.335938 0.578125 0.334375 0.575 0.33125 0.56875 0.33125 0.564062 0.326562 0.571875 0.31875 0.578125 0.323438 0.579688 0.321875 0.578125 0.320312 0.579688 0.317188
0 0.453125 0.404688 0.451562 0.40625 0.451562 0.434375 0.45625 0.434375 0.457812 0.432812 0.45625 0.43125 0.464062 0.423438 0.464062 0.414062 0.465625 0.4125 0.464062 0.410938 0.464062 0.409375 0.4625 0.407812 0.460938 0.409375 0.457812 0.409375
0 0.5 0.35 0.498438 0.351562 0.5 0.35625 0.496875 0.359375 0.496875 0.3625 0.498438 0.364062 0.503125 0.359375 0.504687 0.360938 0.509375 0.360938 0.515625 0.367188 0.517188 0.370312 0.510938 0.376562 0.515625 0.38125 0.515625 0.382812 0.510938 0.3875 0.50625 0.382812 0.504687 0.384375 0.509375 0.389062 0.510938 0.3875 0.5125 0.389062 0.515625 0.385938 0.51875 0.385938 0.523438 0.389062 0.523438 0.375 0.51875 0.370312 0.520312 0.367188 0.510938 0.35625 0.510938 0.351562 0.509375 0.35 0.507812 0.351562 0.50625 0.35 0.504687 0.351562 0.503125 0.35 0.501562 0.351562
0 0.451562 0.357812 0.451562 0.35 0.45625 0.345312 0.460938 0.345312 0.465625 0.35 0.467188 0.35 0.471875 0.345312 0.471875 0.342188 0.470312 0.340625 0.453125 0.340625 0.451562 0.339062
0 0.495312 0.329688 0.48125 0.340625 0.476562 0.354688 0.459375 0.367188 0.4625 0.371875 0.457812 0.376562 0.460938 0.382812 0.457812 0.3875 0.459375 0.389062 0.4625 0.385938 0.465625 0.389062 0.471875 0.385938 0.48125 0.39375 0.478125 0.403125 0.4875 0.409375 0.4875 0.421875 0.484375 0.425 0.4875 0.428125 0.49375 0.423438 0.503125 0.426562 0.503125 0.421875 0.517188 0.4125 0.503125 0.401562 0.504687 0.39375 0.496875 0.385938 0.5 0.382812 0.496875 0.379688 0.496875 0.373438 0.4875 0.384375 0.479688 0.373438 0.471875 0.375 0.467188 0.370312 0.476562 0.357812 0.48125 0.357812 0.492188 0.346875 0.490625 0.34375 0.498438 0.3375
0 0.495312 0.373438 0.49375 0.375 0.49375 0.378125 0.490625 0.38125 0.490625 0.395312 0.503125 0.395312 0.504687 0.39375 0.496875 0.385938 0.5 0.382812 0.496875 0.379688 0.498438 0.378125 0.498438 0.375 0.496875 0.373438
0 0.5 0.35 0.498438 0.351562 0.5 0.35625 0.496875 0.359375 0.496875 0.3625 0.498438 0.364062 0.503125 0.359375 0.504687 0.360938 0.509375 0.360938 0.517188 0.370312 0.510938 0.376562 0.515625 0.38125 0.515625 0.382812 0.510938 0.3875 0.50625 0.382812 0.504687 0.384375 0.509375 0.389062 0.510938 0.3875 0.5125 0.389062 0.515625 0.385938 0.51875 0.385938 0.523438 0.389062 0.528125 0.384375 0.528125 0.38125 0.532812 0.376562 0.528125 0.371875 0.523438 0.375 0.51875 0.370312 0.520312 0.367188 0.510938 0.35625 0.510938 0.351562 0.509375 0.35 0.507812 0.351562 0.50625 0.35 0.504687 0.351562 0.503125 0.35 0.501562 0.351562
1 0.2 0.384375 0.2 0.385938 0.20625 0.392188 0.209375 0.389062 0.210938 0.389062 0.215625 0.39375 0.210938 0.398438 0.209375 0.398438 0.207812 0.396875 0.204688 0.4 0.20625 0.401562 0.214062 0.401562 0.217188 0.404688 0.220312 0.401562 0.226562 0.401562 0.229688 0.404688 0.232812 0.401562 0.232812 0.4 0.223438 0.392188 0.226562 0.389062 0.226562 0.38125 0.223438 0.378125 0.220312 0.38125 0.21875 0.379688 0.215625 0.379688 0.2125 0.376562 0.207812 0.38125 0.20625 0.38125 0.204688 0.382812 0.201562 0.382812
1 0.854688 0.453125 0.84375 0.464062 0.842188 0.467188 0.84375 0.46875 0.840625 0.471875 0.842188 0.473438 0.8375 0.478125 0.834375 0.475 0.832812 0.476562 0.834375 0.478125 0.832812 0.48125 0.832812 0.490625 0.834375 0.492188 0.826562 0.501562 0.829688 0.504687 0.828125 0.50625 0.83125 0.510938 0.832812 0.507812 0.829688 0.504687 0.829688 0.503125 0.834375 0.496875 0.832812 0.49375 0.84375 0.482812 0.845312 0.479688 0.842188 0.473438 0.84375 0.471875 0.842188 0.470312 0.845312 0.467188 0.845312 0.465625 0.85625 0.454688
0 0.304688 0.573438 0.304688 0.598438 0.321875 0.598438 0.321875 0.595312 0.323438 0.59375 0.320312 0.590625 0.323438 0.5875 0.31875 0.582812 0.315625 0.582812 0.314062 0.584375 0.309375 0.579688 0.309375 0.578125
0 0.389062 0.4875 0.378125 0.4875 0.371875 0.48125 0.360938 0.484375 0.354688 0.478125 0.348438 0.482812 0.342188 0.476562 0.33125 0.478125 0.351562 0.49375 0.340625 0.509375 0.35 0.515625 0.35 0.525 0.34375 0.53125 0.334375 0.532812 0.326562 0.551562 0.31875 0.545312 0.310938 0.557812 0.325 0.56875 0.335938 0.592188 0.342188 0.5875 0.33125 0.571875 0.351562 0.548438 0.364062 0.567188 0.3875 0.576562 0.375 0.567188 0.376562 0.557812 0.385938 0.548438 0.398438 0.551562 0.401562 0.54375 0.396875 0.545312 0.389062 0.535938 0.389062 0.514062 0.378125 0.515625 0.373438 0.504687 0.392188 0.492188
0 0.626562 0.4875 0.621875 0.492188 0.621875 0.49375 0.625 0.496875 0.625 0.5 0.626562 0.501562 0.625 0.503125 0.625 0.504687 0.620312 0.509375 0.621875 0.510938 0.623438 0.510938 0.628125 0.50625 0.63125 0.509375 0.632812 0.507812 0.635938 0.510938 0.6375 0.510938 0.642188 0.50625 0.642188 0.501562 0.639062 0.498438 0.6375 0.5 0.635938 0.5 0.629688 0.49375 0.629688 0.492188 0.632812 0.489062 0.63125 0.4875 0.629688 0.4875 0.628125 0.489062
0 0.598438 0.496875 0.592188 0.501562 0.5875 0.496875 0.585938 0.498438 0.5875 0.5 0.585938 0.503125 0.5875 0.504687 0.5875 0.509375 0.590625 0.5125 0.590625 0.520312 0.584375 0.528125 0.58125 0.528125 0.578125 0.525 0.571875 0.53125 0.573438 0.534375 0.56875 0.539062 0.575 0.54375 0.576562 0.542188 0.582812 0.542188 0.5875 0.546875 0.59375 0.542188 0.596875 0.54375 0.601562 0.539062 0.6 0.535938 0.592188 0.529688 0.596875 0.523438 0.595312 0.521875 0.604688 0.514062 0.607812 0.514062 0.610938 0.510938 0.615625 0.510938 0.617188 0.509375 0.6125 0.50625 0.609375 0.50625
0 0.573438 0.490625 0.571875 0.490625 0.56875 0.49375 0.567188 0.49375 0.564062 0.490625 0.5625 0.492188 0.5625 0.520312 0.565625 0.517188 0.564062 0.515625 0.564062 0.514062 0.567188 0.510938 0.564062 0.507812 0.56875 0.503125 0.567188 0.501562 0.567188 0.5 0.575 0.492188
0 0.464062 0.559375 0.460938 0.5625 0.4625 0.564062 0.4625 0.567188 0.454688 0.575 0.45625 0.576562 0.459375 0.576562 0.46875 0.585938 0.46875 0.5875 0.471875 0.590625 0.471875 0.573438 0.467188 0.56875 0.467188 0.567188 0.464062 0.564062 0.465625 0.5625 0.465625 0.560938
0 0.41875 0.559375 0.415625 0.5625 0.420312 0.567188 0.421875 0.573438 0.425 0.576562 0.428125 0.573438 0.432812 0.578125 0.43125 0.579688 0.432812 0.58125 0.428125 0.585938 0.421875 0.58125 0.415625 0.585938 0.41875 0.590625 0.421875 0.589062 0.426562 0.59375 0.43125 0.592188 0.4375 0.598438 0.440625 0.596875 0.44375 0.6 0.446875 0.596875 0.45 0.598438 0.453125 0.596875 0.457812 0.601562 0.45625 0.603125 0.45625 0.609375 0.459375 0.6125 0.465625 0.601562 0.4625 0.598438 0.459375 0.6 0.445312 0.5875 0.448438 0.582812 0.446875 0.58125 0.451562 0.575 0.442188 0.565625 0.442188 0.559375 0.439062 0.55625 0.425 0.55625 0.421875 0.559375
0 0.448438 0.590625 0.448438 0.596875 0.45 0.598438 0.451562 0.596875 0.453125 0.596875 0.457812 0.601562 0.45625 0.603125 0.45625 0.609375 0.460938 0.609375 0.464062 0.60625 0.4625 0.604688 0.465625 0.601562 0.4625 0.598438 0.460938 0.6 0.459375 0.6 0.454688 0.595312 0.453125 0.595312
0 0.464062 0.559375 0.460938 0.5625 0.4625 0.564062 0.4625 0.567188 0.454688 0.575 0.45625 0.576562 0.459375 0.576562 0.46875 0.585938 0.46875 0.5875 0.471875 0.590625 0.473438 0.589062 0.475 0.589062 0.479688 0.59375 0.478125 0.595312 0.479688 0.596875 0.479688 0.601562 0.48125 0.603125 0.482812 0.603125 0.4875 0.598438 0.482812 0.59375 0.482812 0.590625 0.476562 0.584375 0.476562 0.58125 0.48125 0.576562 0.48125 0.575 0.476562 0.56875 0.471875 0.573438 0.464062 0.564062 0.465625 0.5625 0.465625 0.560938
1 0.089062 0.609375 0.0875 0.610938 0.095312 0.620312 0.098438 0.620312 0.101562 0.617188 0.110938 0.621875 0.114062 0.621875 0.11875 0.626562 0.120312 0.629688 0.11875 0.6375 0.121875 0.64375 0.121875 0.653125 0.129688 0.660938 0.13125 0.659375 0.129688 0.657812 0.132812 0.654688 0.123438 0.64375 0.123438 0.626562 0.121875 0.625 0.125 0.61875 0.123438 0.614062 0.121875 0.6125 0.120312 0.614062 0.115625 0.610938 0.1125 0.614062 0.110938 0.6125 0.109375 0.614062 0.107812 0.6125 0.10625 0.614062 0.096875 0.615625 0.090625 0.609375
1 0.215625 0.65 0.21875 0.653125 0.21875 0.664062 0.225 0.670312 0.226562 0.670312 0.229688 0.667188 0.232812 0.667188 0.239062 0.660938 0.246875 0.660938 0.248438 0.659375 0.248438 0.65625 0.246875 0.654688 0.248438 0.653125 0.248438 0.65 0.25 0.648438 0.246875 0.64375 0.232812 0.64375 0.23125 0.642188 0.229688 0.64375 0.228125 0.642188 0.226562 0.64375 0.221875 0.640625 0.21875 0.64375 0.220312 0.645312
1 0.135938 0.667188 0.135938 0.66875 0.142188 0.675 0.145312 0.675 0.146875 0.676562 0.153125 0.676562 0.15625 0.679688 0.157812 0.678125 0.160938 0.678125 0.165625 0.682812 0.16875 0.682812 0.170312 0.684375 0.171875 0.684375 0.173438 0.682812 0.16875 0.678125 0.16875 0.676562 0.171875 0.673438 0.165625 0.667188 0.164062 0.66875 0.1625 0.66875 0.157812 0.673438 0.151562 0.673438 0.148438 0.670312 0.14375 0.670312 0.142188 0.66875 0.140625 0.66875 0.1375 0.665625
1 0.214062 0.696875 0.223438 0.698438 0.229688 0.695312 0.246875 0.698438 0.2625 0.714062 0.26875 0.710938 0.282812 0.71875 0.289062 0.717188 0.295312 0.725 0.296875 0.723438 0.298438 0.725 0.301562 0.723438 0.317188 0.725 0.320312 0.721875 0.317188 0.71875 0.3125 0.720312 0.304688 0.7125 0.301562 0.7125 0.290625 0.704688 0.284375 0.710938 0.278125 0.7125 0.26875 0.703125 0.264062 0.704688 0.259375 0.7 0.257812 0.701562 0.246875 0.692188 0.229688 0.695312 0.225 0.69375 0.220312 0.696875 0.21875 0.695312
1 0.471875 0.721875 0.470312 0.720312 0.46875 0.721875 0.465625 0.71875 0.459375 0.71875 0.442188 0.734375 0.439062 0.734375 0.435938 0.7375 0.420312 0.735938 0.414062 0.740625 0.410938 0.740625 0.40625 0.74375 0.401562 0.742188 0.4 0.745312 0.401562 0.746875 0.40625 0.74375 0.407812 0.745312 0.410938 0.74375 0.415625 0.748438 0.417188 0.753125 0.41875 0.751562 0.417188 0.748438 0.421875 0.74375 0.426562 0.748438 0.432812 0.74375 0.440625 0.74375 0.45625 0.726562 0.460938 0.726562 0.467188 0.732812 0.471875 0.734375 0.473438 0.732812 0.471875 0.729688 0.473438 0.728125 0.471875 0.726562
