1 0.0375 0.195312 0.060938 0.195312 0.053125 0.1875 0.053125 0.185938 0.05 0.182812 0.045312 0.182812 0.04375 0.184375 0.04375 0.185938 0.045312 0.1875 0.045312 0.189062 0.040625 0.19375 0.039062 0.19375
1 0.0125 0.160938 0.110938 0.160938 0.115625 0.165625 0.115625 0.170312 0.128125 0.18125 0.132812 0.189062 0.140625 0.185938 0.145312 0.189062 0.157812 0.185938 0.160938 0.182812 0.157812 0.178125 0.164062 0.167188 0.1625 0.164062 0.151562 0.167188 0.148438 0.164062 0.140625 0.164062 0.1375 0.167188 0.132812 0.165625 0.128125 0.170312 0.117188 0.159375 0.103125 0.154688 0.025 0.154688 0.017188 0.15625
0 0.05 0.182812 0.045312 0.182812 0.045312 0.189062 0.034375 0.198438 0.03125 0.195312 0.026562 0.196875 0.017188 0.1875 0.015625 0.190625 0.01875 0.195312 0.009375 0.204688 0.0 0.204688 0.0 0.279688 0.003125 0.276562 0.010938 0.279688 0.01875 0.271875 0.014062 0.260938 0.01875 0.251563 0.017188 0.24375 0.023438 0.2375 0.03125 0.24375 0.0375 0.24375 0.042188 0.2375 0.04375 0.225 0.039062 0.220312 0.039062 0.215625 0.048438 0.203125 0.051562 0.203125 0.05625 0.210938 0.0625 0.210938 0.078125 0.223438 0.084375 0.220312 0.0625 0.2
1 0.603125 0.209375 0.603125 0.207812 0.601562 0.207812 0.596875 0.203125 0.59375 0.203125 0.592188 0.201562 0.590625 0.203125 0.585938 0.2 0.582812 0.2 0.579688 0.196875 0.578125 0.198438 0.5625 0.198438 0.560938 0.2 0.554688 0.2 0.546875 0.204688 0.55 0.207812 0.551562 0.20625 0.5625 0.20625 0.564062 0.207812 0.571875 0.207812 0.573438 0.20625 0.575 0.20625 0.576562 0.207812 0.590625 0.207812 0.592188 0.209375
0 0.0 0.825 0.0 0.839062 0.004688 0.839062 0.00625 0.840625 0.023438 0.840625 0.025 0.839062 0.057812 0.840625 0.065625 0.8375 0.09375 0.8375 0.054688 0.8375 0.053125 0.835938 0.046875 0.835938 0.045312 0.8375 0.020312 0.8375 0.01875 0.835938 0.001562 0.835938 0.0 0.834375 0.004688 0.83125 0.004688 0.828125
0 0.503125 0.8375 0.503125 0.840625 0.532812 0.839062 0.54375 0.840625 0.554688 0.8375 0.553125 0.834375 0.554688 0.832812 0.56875 0.832812 0.570312 0.834375 0.565625 0.8375 0.584375 0.842188 0.614062 0.842188 0.621875 0.839062 0.617188 0.835938 0.571875 0.834375 0.570312 0.832812 0.573438 0.828125 0.56875 0.823438 0.564062 0.826562 0.559375 0.821875 0.548438 0.832812 0.55 0.834375 0.548438 0.835938 0.539062 0.834375 0.535938 0.828125 0.529688 0.83125 0.532812 0.834375 0.53125 0.835938
0 0.723438 0.8 0.717188 0.8 0.70625 0.789062 0.710938 0.78125 0.701562 0.771875 0.696875 0.779688 0.6875 0.76875 0.684375 0.770312 0.68125 0.767188 0.675 0.773438 0.667188 0.767188 0.651562 0.784375 0.65 0.782812 0.642188 0.792188 0.639062 0.790625 0.625 0.804688 0.614062 0.80625 0.60625 0.796875 0.582812 0.804688 0.5875 0.809375 0.596875 0.807812 0.615625 0.817188 0.63125 0.834375 0.640625 0.83125 0.648438 0.834375 0.653125 0.829688 0.657812 0.832812 0.66875 0.832812 0.671875 0.829688 0.678125 0.832812 0.6875 0.821875 0.690625 0.825 0.707812 0.807812 0.715625 0.807812
0 0.009375 0.7375 0.004688 0.740625 0.00625 0.742188 0.009375 0.740625 0.014062 0.745312 0.009375 0.75 0.007812 0.748438 0.004688 0.751562 0.00625 0.753125 0.009375 0.75 0.015625 0.75625 0.009375 0.7625 0.007812 0.760938 0.00625 0.7625 0.007812 0.764062 0.009375 0.7625 0.014062 0.767188 0.0125 0.76875 0.014062 0.771875 0.0125 0.776562 0.014062 0.778125 0.010938 0.78125 0.014062 0.782812 0.017188 0.779688 0.020312 0.78125 0.023438 0.778125 0.026562 0.78125 0.028125 0.779688 0.028125 0.775 0.026562 0.773438 0.025 0.775 0.01875 0.767188 0.020312 0.757812 0.017188 0.753125 0.01875 0.75 0.017188 0.746875 0.020312 0.74375 0.014062 0.7375 0.0125 0.739062
0 0.79375 0.71875 0.776562 0.720312 0.759375 0.735938 0.75625 0.742188 0.751562 0.746875 0.746875 0.748438 0.748438 0.751562 0.742188 0.757812 0.7375 0.757812 0.734375 0.760938 0.739062 0.765625 0.7375 0.770312 0.74375 0.776562 0.748438 0.784375 0.754688 0.785938 0.75625 0.784375 0.75625 0.776562 0.759375 0.771875 0.759375 0.76875 0.76875 0.759375 0.773438 0.759375 0.7875 0.746875 0.7875 0.74375 0.796875 0.732812 0.795312 0.73125 0.796875 0.723438
0 0.353125 0.634375 0.351562 0.6375 0.342188 0.646875 0.339062 0.646875 0.3375 0.645312 0.335938 0.646875 0.3375 0.651562 0.329688 0.659375 0.33125 0.660938 0.335938 0.65625 0.3375 0.65625 0.342188 0.660938 0.342188 0.664062 0.339062 0.667188 0.339062 0.670312 0.3375 0.671875 0.34375 0.678125 0.345312 0.678125 0.353125 0.66875 0.35 0.665625 0.354688 0.660938 0.354688 0.657812 0.353125 0.65625 0.351562 0.657812 0.345312 0.651562 0.35 0.646875 0.353125 0.646875 0.35625 0.64375 0.357812 0.645312 0.360938 0.642188 0.360938 0.640625
0 0.376562 0.621875 0.373438 0.625 0.370312 0.625 0.365625 0.628125 0.36875 0.63125 0.365625 0.634375 0.367188 0.6375 0.36875 0.6375 0.376562 0.628125 0.38125 0.632812 0.376562 0.6375 0.378125 0.640625 0.376562 0.64375 0.379688 0.646875 0.375 0.651562 0.373438 0.65 0.371875 0.651562 0.371875 0.654688 0.36875 0.657812 0.371875 0.659375 0.378125 0.654688 0.382812 0.659375 0.384375 0.659375 0.3875 0.65625 0.39375 0.653125 0.395312 0.65 0.392188 0.646875 0.396875 0.640625 0.39375 0.635938 0.39375 0.632812 0.3875 0.626562 0.384375 0.628125 0.378125 0.621875
0 0.126562 0.204688 0.125 0.20625 0.125 0.207812 0.128125 0.210938 0.128125 0.2125 0.121875 0.21875 0.121875 0.221875 0.120312 0.223438 0.123438 0.226562 0.123438 0.229688 0.125 0.23125 0.128125 0.23125 0.132812 0.235938 0.139062 0.235938 0.140625 0.234375 0.142188 0.234375 0.153125 0.223438 0.153125 0.220312 0.14375 0.210938 0.1375 0.217188 0.132812 0.2125 0.132812 0.210938 0.135938 0.207812 0.134375 0.20625 0.13125 0.209375
0 0.0 0.315625 0.003125 0.48125 0.203125 0.467188 0.0 0.495312 0.079688 0.832812 0.226562 0.815625 0.051562 0.715625 0.126562 0.521875 0.232812 0.620312 0.115625 0.69375 0.214062 0.671875 0.24375 0.832812 0.528125 0.820312 0.290625 0.66875 0.423438 0.523438 0.520312 0.685938 0.9 0.651562 0.917188 0.835938 0.685938 0.840625 0.998438 0.832812 0.998438 0.517188 0.704688 0.207812 0.253125 0.20625 0.148438 0.365625 0.15625 0.292188
0 0.603125 0.209375 0.603125 0.207812 0.601562 0.207812 0.596875 0.203125 0.59375 0.203125 0.592188 0.201562 0.590625 0.203125 0.585938 0.2 0.582812 0.2 0.579688 0.196875 0.578125 0.198438 0.5625 0.198438 0.560938 0.2 0.554688 0.2 0.546875 0.204688 0.55 0.207812 0.551562 0.20625 0.5625 0.20625 0.564062 0.207812 0.571875 0.207812 0.573438 0.20625 0.575 0.20625 0.576562 0.207812 0.590625 0.207812 0.592188 0.209375
0 0.059375 0.19375 0.039062 0.19375 0.034375 0.198438 0.03125 0.195312 0.026562 0.196875 0.01875 0.19375 0.009375 0.204688 0.0 0.204688 0.0 0.279688 0.003125 0.276562 0.010938 0.279688 0.01875 0.271875 0.014062 0.260938 0.01875 0.251563 0.017188 0.24375 0.023438 0.2375 0.03125 0.24375 0.0375 0.24375 0.042188 0.2375 0.04375 0.225 0.039062 0.220312 0.039062 0.215625 0.048438 0.203125 0.051562 0.203125 0.05625 0.210938 0.0625 0.210938 0.078125 0.223438 0.084375 0.220312 0.0625 0.2
0 0.126562 0.204688 0.125 0.20625 0.125 0.207812 0.128125 0.210938 0.128125 0.2125 0.121875 0.21875 0.121875 0.221875 0.120312 0.223438 0.123438 0.226562 0.123438 0.229688 0.125 0.23125 0.128125 0.23125 0.132812 0.235938 0.139062 0.235938 0.140625 0.234375 0.142188 0.234375 0.153125 0.223438 0.153125 0.220312 0.14375 0.210938 0.1375 0.217188 0.132812 0.2125 0.132812 0.210938 0.135938 0.207812 0.134375 0.20625 0.13125 0.209375
0 0.376562 0.621875 0.373438 0.625 0.370312 0.625 0.365625 0.628125 0.36875 0.63125 0.365625 0.634375 0.367188 0.6375 0.36875 0.6375 0.376562 0.628125 0.38125 0.632812 0.376562 0.6375 0.378125 0.640625 0.376562 0.64375 0.379688 0.646875 0.375 0.651562 0.373438 0.65 0.371875 0.651562 0.371875 0.654688 0.36875 0.657812 0.371875 0.659375 0.378125 0.654688 0.382812 0.659375 0.384375 0.659375 0.3875 0.65625 0.39375 0.653125 0.395312 0.65 0.392188 0.646875 0.396875 0.640625 0.39375 0.635938 0.39375 0.632812 0.3875 0.626562 0.384375 0.628125 0.378125 0.621875
0 0.353125 0.634375 0.351562 0.6375 0.342188 0.646875 0.339062 0.646875 0.3375 0.645312 0.335938 0.646875 0.3375 0.651562 0.329688 0.659375 0.33125 0.660938 0.335938 0.65625 0.3375 0.65625 0.342188 0.660938 0.342188 0.664062 0.339062 0.667188 0.339062 0.670312 0.3375 0.671875 0.34375 0.678125 0.345312 0.678125 0.353125 0.66875 0.35 0.665625 0.354688 0.660938 0.354688 0.657812 0.353125 0.65625 0.351562 0.657812 0.345312 0.651562 0.35 0.646875 0.353125 0.646875 0.35625 0.64375 0.357812 0.645312 0.360938 0.642188 0.360938 0.640625
0 0.79375 0.71875 0.776562 0.720312 0.759375 0.735938 0.75625 0.742188 0.751562 0.746875 0.746875 0.748438 0.748438 0.751562 0.742188 0.757812 0.7375 0.757812 0.734375 0.760938 0.739062 0.765625 0.7375 0.770312 0.74375 0.776562 0.748438 0.784375 0.754688 0.785938 0.75625 0.784375 0.75625 0.776562 0.759375 0.771875 0.759375 0.76875 0.76875 0.759375 0.773438 0.759375 0.7875 0.746875 0.7875 0.74375 0.796875 0.732812 0.795312 0.73125 0.796875 0.723438
0 0.009375 0.7375 0.004688 0.740625 0.00625 0.742188 0.009375 0.740625 0.014062 0.745312 0.009375 0.75 0.007812 0.748438 0.004688 0.751562 0.00625 0.753125 0.009375 0.75 0.015625 0.75625 0.009375 0.7625 0.007812 0.760938 0.00625 0.7625 0.007812 0.764062 0.009375 0.7625 0.014062 0.767188 0.0125 0.76875 0.014062 0.771875 0.0125 0.776562 0.014062 0.778125 0.010938 0.78125 0.014062 0.782812 0.017188 0.779688 0.020312 0.78125 0.023438 0.778125 0.026562 0.78125 0.028125 0.779688 0.028125 0.775 0.026562 0.773438 0.025 0.775 0.01875 0.767188 0.020312 0.757812 0.017188 0.753125 0.01875 0.75 0.017188 0.746875 0.020312 0.74375 0.014062 0.7375 0.0125 0.739062
0 0.684375 0.8375 0.684375 0.839062 0.685938 0.840625 0.729688 0.840625 0.729688 0.835938 0.69375 0.835938 0.692188 0.8375
0 0.576562 0.834375 0.576562 0.840625 0.620312 0.840625 0.621875 0.839062 0.621875 0.8375 0.61875 0.8375 0.617188 0.835938 0.579688 0.835938 0.578125 0.834375
0 0.723438 0.8 0.717188 0.8 0.70625 0.789062 0.710938 0.78125 0.701562 0.771875 0.696875 0.779688 0.6875 0.76875 0.684375 0.770312 0.68125 0.767188 0.675 0.773438 0.667188 0.767188 0.651562 0.784375 0.65 0.782812 0.642188 0.792188 0.639062 0.790625 0.625 0.804688 0.614062 0.80625 0.60625 0.796875 0.582812 0.804688 0.5875 0.809375 0.596875 0.807812 0.615625 0.817188 0.63125 0.834375 0.640625 0.83125 0.648438 0.834375 0.653125 0.829688 0.657812 0.832812 0.66875 0.832812 0.671875 0.829688 0.678125 0.832812 0.6875 0.821875 0.690625 0.825 0.707812 0.807812 0.715625 0.807812
1 0.503125 0.8375 0.503125 0.840625 0.532812 0.839062 0.54375 0.840625 0.554688 0.8375 0.553125 0.834375 0.554688 0.832812 0.56875 0.832812 0.570312 0.834375 0.565625 0.8375 0.584375 0.842188 0.614062 0.842188 0.621875 0.839062 0.617188 0.835938 0.571875 0.834375 0.570312 0.832812 0.573438 0.828125 0.56875 0.823438 0.564062 0.826562 0.559375 0.821875 0.548438 0.832812 0.55 0.834375 0.548438 0.835938 0.539062 0.834375 0.535938 0.828125 0.529688 0.83125 0.532812 0.834375 0.53125 0.835938
1 0.610938 0.815625 0.6125 0.815625 0.614062 0.817188 0.615625 0.817188 0.628125 0.829688 0.628125 0.815625
1 0.496875 0.826562 0.498438 0.825 0.5 0.825 0.501562 0.826562 0.503125 0.825 0.504687 0.825 0.5125 0.817188 0.514062 0.817188 0.515625 0.815625 0.498438 0.815625 0.496875 0.817188 0.496875 0.820312 0.498438 0.821875 0.496875 0.823438
1 0.0 0.825 0.0 0.839062 0.004688 0.839062 0.00625 0.840625 0.023438 0.840625 0.025 0.839062 0.057812 0.840625 0.065625 0.8375 0.09375 0.8375 0.054688 0.8375 0.053125 0.835938 0.046875 0.835938 0.045312 0.8375 0.020312 0.8375 0.01875 0.835938 0.001562 0.835938 0.0 0.834375 0.004688 0.83125 0.004688 0.828125
1 0.076562 0.81875 0.08125 0.823438 0.08125 0.828125 0.078125 0.83125 0.079688 0.832812 0.08125 0.83125 0.082812 0.83125 0.084375 0.832812 0.092188 0.832812 0.09375 0.83125 0.095312 0.83125 0.096875 0.832812 0.1 0.832812 0.1 0.81875 0.09375 0.81875 0.092188 0.820312 0.09375 0.821875 0.0875 0.828125 0.082812 0.823438 0.0875 0.81875
