1 0.0 0.1125 0.0 0.121875 0.0125 0.123438 0.439062 0.121875 0.36875 0.114062
0 0.507812 0.128125 0.53125 0.129688 0.535938 0.139062 0.54375 0.132812 0.689062 0.157812 0.670312 0.160938 0.684375 0.165625 0.715625 0.159375 0.742188 0.167188 0.745312 0.176562 0.751562 0.170312 0.803125 0.184375 0.907812 0.192188 0.939062 0.209375 0.954688 0.209375 0.960938 0.2 0.998438 0.209375 0.998438 0.125
1 0.757812 0.410938 0.753125 0.415625 0.751562 0.415625 0.74375 0.423438 0.745312 0.425 0.745312 0.429688 0.74375 0.43125 0.74375 0.435938 0.746875 0.439062 0.748438 0.439062 0.751562 0.442188 0.753125 0.442188 0.754688 0.44375 0.760938 0.4375 0.765625 0.442188 0.764062 0.44375 0.765625 0.445312 0.76875 0.445312 0.770312 0.44375 0.770312 0.432812 0.773438 0.429688 0.773438 0.428125 0.771875 0.426562 0.771875 0.425
1 0.196875 0.423438 0.195312 0.425 0.195312 0.426562 0.196875 0.428125 0.196875 0.44375 0.201562 0.448438 0.2 0.45 0.2 0.454688 0.204688 0.459375 0.207812 0.459375 0.209375 0.460938 0.2125 0.457812 0.2125 0.45625 0.214062 0.454688 0.214062 0.448438 0.207812 0.442188 0.207812 0.440625 0.204688 0.4375 0.2125 0.429688 0.2125 0.428125 0.210938 0.426562 0.201562 0.426562
1 0.46875 0.484375 0.46875 0.492188 0.471875 0.498438 0.470312 0.501562 0.484375 0.517188 0.49375 0.521875 0.501562 0.5125 0.5125 0.509375 0.525 0.51875 0.526562 0.517188 0.532812 0.523438 0.535938 0.529688 0.532812 0.534375 0.535938 0.5375 0.542188 0.529688 0.540625 0.526562 0.557812 0.509375 0.557812 0.50625 0.546875 0.49375 0.542188 0.490625 0.5375 0.490625 0.532812 0.495312 0.526562 0.485938 0.503125 0.465625 0.492188 0.46875 0.484375 0.478125
1 0.015625 0.570312 0.007812 0.578125 0.009375 0.58125 0.004688 0.585938 0.0 0.582812 0.0 0.667188 0.004688 0.659375 0.001562 0.653125 0.003125 0.648438 0.001562 0.645312 0.004688 0.642188 0.004688 0.639062 0.007812 0.634375 0.007812 0.63125 0.003125 0.626562 0.004688 0.625 0.003125 0.623438 0.003125 0.615625 0.00625 0.607812 0.003125 0.604688 0.00625 0.601562 0.004688 0.6 0.010938 0.59375 0.010938 0.590625 0.014062 0.5875 0.014062 0.582812 0.01875 0.578125 0.01875 0.575
1 0.675 0.6375 0.673438 0.64375 0.678125 0.648438 0.676562 0.653125 0.671875 0.657812 0.66875 0.65625 0.667188 0.657812 0.66875 0.6625 0.6625 0.670312 0.65625 0.671875 0.653125 0.66875 0.64375 0.68125 0.646875 0.684375 0.653125 0.68125 0.659375 0.6875 0.657812 0.689062 0.659375 0.695312 0.654688 0.7 0.646875 0.698438 0.639062 0.703125 0.642188 0.70625 0.640625 0.710938 0.64375 0.714062 0.664062 0.69375 0.673438 0.690625 0.679688 0.682812 0.678125 0.68125 0.682812 0.670312 0.68125 0.6625 0.685938 0.657812 0.682812 0.651562 0.685938 0.646875
1 0.715625 0.732812 0.704688 0.74375 0.703125 0.74375 0.7 0.746875 0.7 0.751562 0.695312 0.75625 0.692188 0.753125 0.690625 0.754688 0.685938 0.75 0.684375 0.751562 0.684375 0.753125 0.689062 0.757812 0.689062 0.760938 0.6875 0.7625 0.689062 0.764062 0.689062 0.765625 0.69375 0.770312 0.701562 0.7625 0.701562 0.760938 0.704688 0.757812 0.704688 0.75625 0.714062 0.746875 0.715625 0.746875 0.717188 0.745312 0.717188 0.742188 0.715625 0.740625 0.715625 0.7375 0.717188 0.735938 0.717188 0.734375
1 0.803125 0.820312 0.801562 0.820312 0.79375 0.828125 0.79375 0.83125 0.7875 0.8375 0.785938 0.8375 0.78125 0.842188 0.779688 0.842188 0.778125 0.840625 0.776562 0.842188 0.78125 0.846875 0.778125 0.85 0.779688 0.851562 0.78125 0.851562 0.79375 0.839062 0.795312 0.839062 0.798438 0.835938 0.798438 0.834375 0.8 0.832812 0.8 0.83125 0.80625 0.825 0.80625 0.823438
0 0.48125 0.839062 0.484375 0.842188 0.484375 0.846875 0.4875 0.85 0.4875 0.851562 0.490625 0.854688 0.490625 0.85625 0.492188 0.857812 0.495312 0.857812 0.496875 0.859375 0.503125 0.853125 0.509375 0.859375 0.510938 0.859375 0.5125 0.857812 0.510938 0.85625 0.510938 0.854688 0.514062 0.851562 0.5125 0.85 0.510938 0.851562 0.50625 0.846875 0.510938 0.842188 0.510938 0.839062 0.509375 0.8375 0.503125 0.84375 0.501562 0.84375 0.5 0.842188 0.495312 0.846875 0.489062 0.840625 0.489062 0.839062 0.485938 0.835938 0.484375 0.835938
1 0.020312 0.86875 0.128125 0.86875 0.129688 0.870312 0.13125 0.86875 0.146875 0.86875 0.14375 0.867188 0.123438 0.867188 0.121875 0.86875 0.117188 0.867188 0.03125 0.867188 0.029688 0.86875
