1 0.025 0.140625 0.021875 0.140625 0.020312 0.139062 0.01875 0.140625 0.017188 0.139062 0.0 0.139062 0.0 0.173438 0.007812 0.173438 0.010938 0.170312 0.010938 0.167188 0.020312 0.157812 0.01875 0.15625 0.023438 0.151562 0.021875 0.146875 0.026562 0.142188
1 0.06875 0.204688 0.0625 0.2 0.046875 0.2 0.045312 0.198438 0.04375 0.2 0.032812 0.2 0.03125 0.201562 0.03125 0.204688 0.025 0.210938 0.025 0.226562 0.020312 0.23125 0.015625 0.23125 0.0125 0.234375 0.0125 0.239062 0.015625 0.242188 0.020312 0.242188 0.021875 0.24375 0.023438 0.242188 0.023438 0.2375 0.028125 0.232812 0.032812 0.232812 0.042188 0.226562 0.046875 0.226562 0.05 0.229688 0.05625 0.229688 0.057812 0.228125 0.057812 0.223438 0.060938 0.220312 0.060938 0.217188 0.067188 0.210938 0.065625 0.207812
1 0.81875 0.429688 0.823438 0.434375 0.825 0.432812 0.835938 0.44375 0.8375 0.442188 0.845312 0.448438 0.848438 0.448438 0.851562 0.445312 0.85625 0.445312 0.857812 0.44375 0.857812 0.440625 0.860938 0.4375 0.857812 0.434375 0.857812 0.429688 0.859375 0.428125 0.857812 0.426562 0.853125 0.426562 0.851562 0.428125 0.848438 0.425 0.842188 0.425 0.840625 0.423438 0.839062 0.425 0.8375 0.423438 0.835938 0.423438 0.834375 0.425 0.83125 0.425 0.829688 0.426562 0.825 0.426562 0.823438 0.425 0.821875 0.425
1 0.764062 0.464062 0.7375 0.45 0.7125 0.446875 0.707812 0.442188 0.7125 0.4375 0.7125 0.432812 0.703125 0.432812 0.7 0.439062 0.701562 0.446875 0.695312 0.453125 0.685938 0.454688 0.664062 0.467188 0.651562 0.460938 0.645312 0.460938 0.639062 0.465625 0.639062 0.470312 0.651562 0.478125 0.6375 0.492188 0.654688 0.507812 0.673438 0.509375 0.6875 0.515625 0.707812 0.514062 0.726562 0.501562 0.753125 0.492188 0.764062 0.48125
1 0.776562 0.534375 0.771875 0.528125 0.76875 0.528125 0.767188 0.526562 0.760938 0.526562 0.75625 0.53125 0.75 0.53125 0.748438 0.532812 0.742188 0.532812 0.735938 0.5375 0.734375 0.5375 0.732812 0.539062 0.734375 0.540625 0.732812 0.542188 0.732812 0.546875 0.7375 0.551562 0.739062 0.55 0.74375 0.554688 0.751562 0.554688 0.753125 0.553125 0.75625 0.553125 0.757812 0.554688 0.759375 0.554688 0.760938 0.553125 0.7625 0.554688 0.764062 0.553125 0.765625 0.554688 0.773438 0.548438 0.773438 0.54375 0.776562 0.540625
1 0.432812 0.542188 0.428125 0.5375 0.423438 0.5375 0.421875 0.539062 0.420312 0.539062 0.41875 0.5375 0.415625 0.540625 0.414062 0.540625 0.4125 0.542188 0.4125 0.54375 0.409375 0.548438 0.410938 0.55 0.409375 0.551562 0.409375 0.553125 0.403125 0.559375 0.404688 0.560938 0.40625 0.559375 0.410938 0.559375 0.4125 0.560938 0.414062 0.559375 0.41875 0.559375 0.420312 0.557812 0.423438 0.557812 0.43125 0.55 0.43125 0.546875 0.429688 0.545312
1 0.239062 0.582812 0.234375 0.575 0.226562 0.56875 0.221875 0.56875 0.215625 0.565625 0.20625 0.565625 0.204688 0.567188 0.198438 0.565625 0.190625 0.571875 0.184375 0.573438 0.16875 0.5875 0.157812 0.59375 0.15 0.603125 0.148438 0.609375 0.157812 0.61875 0.165625 0.621875 0.175 0.621875 0.184375 0.626562 0.20625 0.623438 0.2125 0.617188 0.215625 0.617188 0.226562 0.604688 0.229688 0.604688 0.232812 0.601562 0.232812 0.596875 0.239062 0.589062
1 0.7 0.729688 0.7 0.732812 0.701562 0.734375 0.704688 0.734375 0.70625 0.732812 0.710938 0.732812 0.714062 0.735938 0.721875 0.735938 0.726562 0.739062 0.729688 0.739062 0.735938 0.734375 0.7375 0.735938 0.742188 0.73125 0.742188 0.726562 0.745312 0.723438 0.745312 0.721875 0.742188 0.71875 0.739062 0.71875 0.735938 0.715625 0.726562 0.715625 0.723438 0.7125 0.7125 0.7125 0.709375 0.715625 0.709375 0.723438 0.710938 0.725 0.70625 0.729688 0.704688 0.728125 0.701562 0.728125
1 0.998438 0.675 0.985938 0.7 0.942188 0.6875 0.957812 0.651562 0.910938 0.664062 0.901562 0.63125 0.884375 0.671875 0.895312 0.6875 0.8625 0.696875 0.851562 0.68125 0.83125 0.7125 0.8 0.696875 0.7625 0.720312 0.770312 0.748438 0.779688 0.729688 0.8375 0.726562 0.851562 0.75625 0.840625 0.803125 0.809375 0.803125 0.795312 0.7625 0.770312 0.7875 0.726562 0.78125 0.725 0.753125 0.685938 0.778125 0.6375 0.735938 0.664062 0.715625 0.607812 0.7125 0.63125 0.734375 0.6 0.7375 0.6125 0.746875 0.59375 0.751562 0.590625 0.779688 0.609375 0.792188 0.575 0.820312 0.5875 0.848438 0.559375 0.85625 0.595312 0.860938 0.620312 0.81875 0.64375 0.832812 0.621875 0.8375 0.626562 0.857812 0.996875 0.859375 0.998438 0.71875 0.960938 0.714062 0.998438 0.707812
1 0.221875 0.68125 0.220312 0.682812 0.21875 0.682812 0.217188 0.684375 0.214062 0.684375 0.2125 0.685938 0.210938 0.685938 0.207812 0.689062 0.207812 0.690625 0.20625 0.692188 0.207812 0.69375 0.207812 0.696875 0.215625 0.704688 0.217188 0.704688 0.223438 0.698438 0.225 0.698438 0.226562 0.696875 0.226562 0.695312 0.229688 0.692188 0.229688 0.689062
1 0.7 0.729688 0.7 0.732812 0.701562 0.734375 0.704688 0.734375 0.70625 0.732812 0.710938 0.732812 0.714062 0.735938 0.721875 0.735938 0.726562 0.739062 0.729688 0.739062 0.735938 0.734375 0.7375 0.735938 0.742188 0.73125 0.742188 0.726562 0.745312 0.723438 0.745312 0.721875 0.742188 0.71875 0.739062 0.71875 0.735938 0.715625 0.726562 0.715625 0.723438 0.7125 0.7125 0.7125 0.709375 0.715625 0.709375 0.723438 0.710938 0.725 0.70625 0.729688 0.704688 0.728125 0.701562 0.728125
1 0.109375 0.751562 0.104688 0.746875 0.09375 0.748438 0.092188 0.75 0.089062 0.75 0.082812 0.75625 0.08125 0.75625 0.078125 0.759375 0.076562 0.759375 0.071875 0.764062 0.070312 0.764062 0.06875 0.7625 0.067188 0.764062 0.065625 0.7625 0.064062 0.7625 0.0625 0.764062 0.0625 0.765625 0.064062 0.767188 0.067188 0.764062 0.071875 0.76875 0.070312 0.770312 0.070312 0.771875 0.071875 0.773438 0.078125 0.773438 0.079688 0.775 0.08125 0.773438 0.084375 0.773438 0.085938 0.775 0.0875 0.773438 0.089062 0.775 0.090625 0.775 0.092188 0.773438 0.095312 0.773438 0.103125 0.764062 0.10625 0.764062 0.107812 0.7625 0.107812 0.753125
1 0.290625 0.746875 0.2875 0.75 0.284375 0.75 0.282812 0.751562 0.285938 0.754688 0.28125 0.759375 0.276562 0.754688 0.279688 0.751562 0.278125 0.75 0.276562 0.75 0.26875 0.757812 0.26875 0.764062 0.273438 0.76875 0.279688 0.767188 0.284375 0.771875 0.278125 0.779688 0.278125 0.782812 0.279688 0.784375 0.278125 0.7875 0.279688 0.789062 0.28125 0.789062 0.285938 0.784375 0.285938 0.778125 0.292188 0.771875 0.296875 0.771875 0.298438 0.770312 0.296875 0.76875 0.296875 0.764062 0.298438 0.7625 0.295312 0.760938 0.2875 0.753125 0.292188 0.748438
1 0.342188 0.825 0.357812 0.835938 0.35 0.84375 0.35625 0.85 0.3625 0.846875 0.373438 0.857812 0.426562 0.857812 0.423438 0.851562 0.434375 0.846875 0.439062 0.851562 0.43125 0.857812 0.445312 0.859375 0.485938 0.848438 0.492188 0.842188 0.503125 0.851562 0.501562 0.857812 0.517188 0.85625 0.507812 0.848438 0.510938 0.834375 0.501562 0.823438 0.5125 0.820312 0.50625 0.815625 0.495312 0.828125 0.4875 0.826562 0.426562 0.848438 0.407812 0.828125 0.401562 0.828125 0.4 0.846875 0.3875 0.853125 0.379688 0.840625 0.382812 0.826562 0.404688 0.814062 0.404688 0.801562 0.390625 0.7875 0.376562 0.7875 0.375 0.796875 0.38125 0.803125 0.376562 0.807812 0.359375 0.803125
1 0.03125 0.85625 0.035938 0.859375 0.0375 0.857812 0.039062 0.859375 0.042188 0.859375 0.04375 0.860938 0.065625 0.860938 0.067188 0.859375 0.073438 0.859375 0.078125 0.85625 0.079688 0.857812 0.084375 0.854688 0.082812 0.853125 0.078125 0.853125 0.073438 0.848438 0.073438 0.842188 0.071875 0.840625 0.051562 0.840625 0.05 0.842188 0.05 0.846875 0.04375 0.853125 0.042188 0.851562 0.0375 0.854688 0.035938 0.853125
